Bit#|Name                    |??|?|MaxValue|NewGame |Chapter2|Chapter3|Chapter4|Chapter5|EndGame |Note
----|------------------------|--|-|--------|--------|--------|--------|--------|--------|--------|----
0005|HaveTrickysBall         |00|0|       1|       0|       0|       0|       0|       1|       1|separate from BoughtTrickysBall
0008|                        |00|0|       1|       0|       0|       0|       0|       1|       1|
000C|                        |00|0|       1|       0|       0|       0|       0|       0|       0|
0013|                        |00|0|       1|       0|       0|       0|       0|       1|       1|
0014|                        |00|0|       1|       0|       0|       0|       0|       1|       1|
0016|                        |00|0|       1|       0|       0|       0|       0|       0|       0|
0017|                        |00|0|       1|       0|       1|       1|       1|       1|       1|
001D|                        |00|0|       3|       0|       0|       0|       0|       0|       0|
001E|                        |00|0|       1|       0|       0|       0|       0|       0|       0|
001F|                        |00|0|       1|       0|       0|       0|       0|       0|       0|
003E|                        |00|0|       1|       0|       0|       1|       1|       1|       1|
0041|                        |52|1|       1|       0|       0|       1|       1|       1|       1|
0044|HavePrisonKey           |00|0|       1|       0|       0|       0|       0|       0|       0|
0045|                        |00|0|       1|       0|       0|       0|       0|       0|       0|
0046|                        |00|0|       1|       0|       0|       0|       0|       0|       0|
0047|                        |00|0|       1|       0|       0|       0|       0|       0|       0|
004A|                        |00|0|       1|       0|       0|       0|       0|       0|       0|
0058|                        |00|0|       1|       0|       0|       0|       0|       0|       0|
0059|                        |00|0|       1|       0|       0|       0|       0|       0|       0|
005A|                        |00|0|       1|       0|       0|       0|       0|       0|       0|
0062|                        |00|0|       1|       0|       0|       0|       0|       0|       0|
0063|                        |00|0|       1|       0|       0|       0|       0|       0|       0|
0064|                        |00|0|       1|       0|       0|       0|       0|       0|       0|
0065|                        |00|0|       1|       0|       0|       0|       0|       0|       0|
0067|                        |00|0|       1|       0|       0|       0|       0|       0|       0|
0068|                        |00|0|       1|       0|       0|       0|       0|       0|       0|
0069|                        |00|0|       1|       0|       0|       0|       0|       0|       0|
006A|                        |00|0|       1|       0|       0|       0|       0|       0|       0|
006B|                        |00|0|       1|       0|       0|       0|       0|       0|       0|
006C|                        |00|0|       1|       0|       0|       0|       0|       0|       0|
0073|                        |00|0|       1|       0|       0|       0|       0|       0|       0|
0074|                        |00|0|       1|       0|       0|       0|       0|       0|       0|
0075|HaveStaff               |00|0|       1|       0|       1|       1|       1|       1|       1|
0076|                        |00|0|       1|       0|       0|       0|       0|       0|       0|
0077|                        |00|0|       1|       0|       0|       0|       0|       0|       0|
0079|                        |00|0|       1|       0|       0|       0|       0|       0|       0|
0092|                        |00|0|       1|       0|       0|       0|       0|       1|       1|
0093|                        |00|0|       1|       0|       0|       0|       0|       1|       1|
0099|                        |00|0|       1|       0|       0|       0|       0|       1|       1|
00A0|                        |00|0|       1|       0|       1|       1|       1|       1|       1|
00A2|                        |00|0|       1|       0|       0|       0|       0|       0|       0|
00A3|                        |00|0|       1|       0|       0|       1|       1|       1|       1|
00A4|                        |00|0|       1|       0|       0|       0|       0|       0|       0|
00AE|                        |00|0|       1|       0|       0|       0|       0|       1|       1|
00AF|                        |00|0|       1|       0|       0|       0|       0|       1|       1|
00B0|                        |00|0|       1|       0|       0|       0|       0|       1|       1|
00BE|                        |00|0|       1|       0|       0|       0|       0|       1|       1|
00C4|                        |00|0|       1|       0|       0|       0|       0|       1|       1|
00C5|                        |00|0|       1|       0|       0|       0|       0|       1|       1|
00C6|                        |00|0|       1|       0|       0|       0|       0|       1|       1|
00C8|                        |00|0|       1|       0|       0|       0|       0|       0|       0|
00D5|                        |00|0|       F|       0|       0|       0|       0|       0|       0|
00DF|MapBitsHightop          |00|0|       F|       1|       1|       1|       1|       1|       1|
00E0|MapBitsDiscovery        |00|0|       F|       1|       1|       1|       1|       1|       1|
00E2|MapBitsMazeCave         |00|0|       F|       1|       1|       1|       1|       1|       1|
00E4|MapBitsWarlock          |00|0|       F|       1|       1|       2|       3|       4|       6|Krazoa Palace
00E5|MapBitsFortress         |00|0|       F|       1|       1|       1|       1|       1|       1|
00E6|MapBitsWallCity         |00|0|       F|       1|       1|       1|       1|       1|       2|
00E7|MapBitsSwapCircle       |00|0|       F|       1|       1|       1|       6|       6|       6|LightFoot Village
00E8|MapBitsCloudTreasure    |00|0|       F|       1|       1|       1|       1|       1|       1|
00E9|MapBitsCloudDungeon     |00|0|       F|       1|       1|       0|       0|       0|       0|
00EA|MapBitsCloudTrap        |00|0|       F|       1|       1|       1|       1|       1|       1|
00EB|MapBitsMoonPass         |00|0|       F|       1|       1|       2|       2|       2|       2|
00ED|MapBitsIceMountain      |00|0|       F|       1|       2|       2|       2|       2|       2|newicemount, newicemount2, newicemount3
00EF|MapBitsDfShrine         |00|0|       F|       1|       1|       1|       1|       1|       1|
00F0|MapBitsAnimTest         |00|0|       F|       1|       1|       1|       1|       1|       1|
00F5|                        |00|0|       1|       0|       0|       0|       0|       1|       1|
00FC|                        |00|0|       1|       0|       0|       0|       0|       0|       0|
0103|                        |00|0|       1|       0|       0|       0|       0|       0|       0|
0104|                        |00|0|       1|       0|       0|       0|       0|       1|       1|
0115|                        |00|0|       1|       0|       0|       0|       0|       1|       1|
013F|                        |83|1|       1|       0|       0|       0|       0|       1|       1|
0144|MapBitsMagicCave        |00|0|       F|       1|       2|       2|       2|       2|       1|
01A1|                        |00|0|       1|       0|       0|       0|       0|       1|       1|
01C0|                        |00|0|       1|       0|       0|       0|       0|       0|       0|
01D1|                        |00|0|       1|       0|       0|       0|       0|       0|       0|
01DD|                        |00|0|       1|       0|       1|       1|       1|       1|       1|
01DF|                        |30|1|       1|       0|       1|       1|       1|       1|       1|
01E6|                        |00|0|       1|       0|       0|       0|       0|       0|       0|
01F9|                        |00|0|       1|       0|       0|       0|       0|       0|       0|
0204|                        |00|0|       1|       0|       0|       0|       0|       0|       1|
0206|                        |00|0|       1|       0|       0|       0|       1|       1|       1|
020A|                        |00|0|       1|       0|       0|       0|       0|       0|       0|
0212|                        |50|1|       1|       0|       0|       1|       1|       1|       1|
0214|                        |00|0|       1|       0|       0|       0|       0|       0|       0|
021B|                        |00|0|       1|       0|       0|       0|       0|       0|       0|
021C|                        |00|0|       1|       0|       0|       0|       0|       0|       0|
021D|                        |00|0|       1|       0|       1|       1|       1|       1|       1|
021E|                        |00|0|       1|       0|       0|       0|       0|       0|       0|
021F|                        |00|0|       1|       0|       0|       0|       0|       0|       0|
0221|                        |00|0|       1|       0|       0|       0|       0|       0|       0|
0222|                        |00|0|       1|       0|       0|       0|       0|       0|       0|
0226|                        |00|0|       1|       0|       0|       0|       1|       1|       1|
0229|MapBitsSnowMines3       |00|0|       F|       1|       1|       1|       1|       1|       1|
023A|                        |00|0|       1|       0|       0|       0|       1|       1|       1|
023D|                        |00|0|       1|       0|       0|       0|       1|       1|       1|
024F|                        |00|0|       1|       0|       0|       0|       0|       0|       0|
0250|                        |00|0|       1|       0|       0|       0|       0|       0|       0|
0251|                        |00|0|       1|       0|       0|       0|       0|       0|       0|
0252|                        |00|0|       1|       0|       0|       0|       0|       0|       0|
0253|                        |00|0|       1|       0|       0|       0|       0|       0|       0|
0257|                        |00|0|       1|       0|       0|       0|       0|       0|       0|
0258|                        |00|0|       1|       0|       0|       0|       0|       0|       0|
0259|                        |00|0|       1|       0|       0|       0|       0|       0|       0|
025F|                        |00|0|       1|       0|       0|       0|       1|       1|       1|
0274|                        |00|0|       1|       0|       0|       0|       0|       0|       1|
0277|                        |00|0|       1|       0|       1|       1|       1|       1|       1|
0290|                        |00|0|       1|       0|       0|       0|       0|       0|       0|
0297|                        |00|0|       1|       0|       0|       0|       0|       0|       0|
0298|                        |00|0|       1|       0|       0|       0|       0|       0|       0|
02A6|                        |00|0|       1|       0|       0|       0|       1|       1|       1|
02A7|                        |00|0|       1|       0|       0|       0|       0|       0|       0|
02A8|                        |00|0|       1|       0|       0|       0|       0|       0|       0|
02A9|                        |00|0|       1|       0|       0|       0|       0|       0|       0|
02B1|                        |00|0|       1|       0|       0|       0|       0|       0|       1|
02BE|                        |00|0|       1|       0|       0|       0|       0|       0|       0|
02C5|                        |00|0|       1|       0|       0|       0|       1|       1|       1|
02D3|                        |00|0|       1|       0|       0|       0|       0|       0|       0|
02D6|HaveFireGem             |00|0|       1|       0|       0|       0|       0|       0|       0|
02DE|                        |00|0|       1|       0|       0|       0|       0|       0|       0|
02DF|                        |00|0|       1|       0|       0|       0|       0|       0|       0|
02E0|                        |00|0|       1|       0|       0|       0|       0|       0|       0|
02EA|                        |00|0|       1|       0|       0|       0|       0|       0|       0|
02ED|                        |00|0|       1|       0|       0|       0|       0|       0|       0|
02F0|                        |00|0|       1|       0|       0|       0|       0|       0|       1|
02F1|                        |00|0|       1|       0|       0|       0|       0|       0|       1|
02F2|                        |00|0|       1|       0|       0|       0|       0|       0|       0|
02F3|                        |00|0|       1|       0|       0|       0|       0|       0|       0|
02F4|                        |00|0|       1|       0|       0|       0|       0|       0|       0|
02F9|                        |00|0|       1|       0|       0|       0|       0|       0|       0|
02FB|                        |00|0|       1|       0|       0|       0|       0|       0|       0|
02FC|                        |00|0|       1|       0|       0|       1|       1|       1|       1|
02FD|                        |00|0|       1|       0|       0|       1|       1|       1|       1|
02FE|                        |00|0|       1|       0|       0|       1|       1|       1|       1|
02FF|                        |00|0|       1|       0|       0|       1|       1|       1|       1|
0300|                        |00|0|       1|       0|       0|       0|       0|       0|       0|
0301|                        |00|0|       1|       0|       0|       0|       0|       0|       0|
0302|                        |00|0|       1|       0|       0|       1|       1|       1|       1|
0306|                        |00|0|       1|       0|       0|       0|       0|       0|       0|
0307|                        |00|0|       1|       0|       0|       0|       0|       0|       0|
0308|                        |00|0|       1|       0|       0|       0|       0|       0|       0|
0309|                        |00|0|       1|       0|       0|       0|       0|       0|       0|
030B|                        |00|0|       1|       0|       0|       0|       0|       0|       0|
030C|                        |00|0|       1|       0|       0|       0|       0|       0|       0|
030D|                        |00|0|       1|       0|       0|       0|       0|       0|       0|
030E|                        |00|0|       1|       0|       0|       0|       0|       0|       0|
030F|                        |00|0|       1|       0|       0|       0|       0|       0|       0|
0310|                        |00|0|       1|       0|       0|       0|       0|       0|       0|
0314|                        |00|0|       1|       0|       0|       0|       0|       0|       0|
0315|                        |00|0|       1|       0|       0|       0|       0|       0|       0|
0317|                        |00|0|       1|       0|       0|       0|       0|       0|       0|
0318|                        |00|0|       1|       0|       0|       0|       0|       0|       0|
031C|                        |00|0|       1|       0|       0|       0|       0|       0|       0|
031F|                        |00|0|       1|       0|       0|       0|       0|       0|       0|
0320|                        |00|0|       1|       0|       0|       0|       0|       0|       0|
0321|                        |00|0|       1|       0|       0|       0|       0|       0|       0|
0323|                        |00|0|       1|       0|       0|       0|       0|       0|       0|
0324|                        |00|0|       1|       0|       0|       0|       0|       0|       0|
0325|                        |00|0|       1|       0|       0|       0|       0|       0|       0|
0326|                        |00|0|       1|       0|       0|       0|       0|       0|       0|
0327|                        |00|0|       1|       0|       0|       0|       0|       0|       0|
0328|                        |00|0|       1|       0|       0|       0|       0|       0|       0|
0329|                        |00|0|       1|       0|       0|       0|       0|       0|       0|
032A|                        |00|0|       1|       0|       0|       0|       0|       0|       0|
032B|                        |00|0|       1|       0|       0|       0|       0|       0|       0|
032C|                        |00|0|       1|       0|       0|       0|       0|       0|       0|
032D|                        |00|0|       1|       0|       0|       0|       0|       0|       0|
032F|                        |00|0|       1|       0|       0|       0|       0|       0|       0|
0330|                        |00|0|       1|       0|       0|       0|       0|       0|       0|
0331|                        |00|0|       1|       0|       0|       0|       0|       0|       0|
0332|                        |00|0|       1|       0|       0|       0|       0|       0|       0|
0333|                        |00|0|       1|       0|       0|       0|       0|       0|       0|
0334|                        |00|0|       1|       0|       0|       0|       0|       0|       0|
0336|HaveKey336              |00|0|       1|       0|       0|       0|       0|       0|       0|XXX where is this key from?
0337|                        |00|0|       1|       0|       0|       0|       0|       0|       0|
0339|                        |00|0|       1|       0|       0|       0|       0|       0|       0|
033A|                        |00|0|       1|       0|       0|       0|       0|       0|       0|
033D|                        |00|0|       1|       0|       0|       0|       0|       0|       0|
033E|                        |00|0|       1|       0|       0|       0|       0|       0|       0|
033F|                        |00|0|       1|       0|       0|       0|       0|       0|       0|
0340|                        |00|0|       1|       0|       0|       0|       0|       0|       0|
0347|                        |00|0|       1|       0|       0|       0|       0|       0|       0|
0349|MapBitsFinalBoss        |00|0|       F|       1|       1|       1|       1|       1|       1|
034B|                        |00|0|       1|       0|       0|       0|       0|       0|       0|
034C|                        |00|0|       1|       0|       0|       0|       0|       0|       0|
034D|                        |00|0|       1|       0|       0|       0|       0|       0|       1|
034E|                        |00|0|       1|       0|       0|       0|       0|       0|       0|
034F|                        |00|0|       1|       0|       0|       0|       0|       0|       0|
0350|                        |00|0|       1|       0|       0|       0|       0|       0|       0|
0352|                        |00|0|       1|       0|       0|       0|       0|       0|       0|
0356|                        |00|0|       1|       0|       0|       0|       0|       0|       0|
0357|                        |00|0|       1|       0|       0|       0|       0|       0|       0|
0358|                        |00|0|       1|       0|       0|       0|       0|       0|       0|
035A|                        |00|0|       1|       0|       0|       0|       0|       0|       0|
035B|                        |00|0|       1|       0|       0|       0|       0|       0|       0|
035C|                        |00|0|       1|       0|       0|       0|       0|       0|       0|
035D|                        |00|0|       1|       0|       0|       0|       0|       0|       0|
035E|                        |00|0|       1|       0|       0|       0|       0|       0|       0|
0361|                        |00|0|       1|       0|       0|       0|       0|       0|       0|
0362|                        |00|0|       1|       0|       0|       0|       0|       0|       0|
0366|                        |00|0|       1|       0|       0|       0|       0|       0|       0|
0378|                        |00|0|       1|       0|       0|       0|       0|       0|       0|
0388|                        |00|0|       1|       0|       0|       0|       0|       0|       0|
038D|                        |00|0|       1|       0|       0|       0|       0|       0|       0|
038E|                        |00|0|       1|       0|       0|       0|       0|       0|       0|
038F|                        |00|0|       1|       0|       0|       0|       0|       0|       0|
0396|                        |00|0|       1|       0|       0|       0|       0|       0|       0|
0399|                        |00|0|       1|       0|       0|       0|       0|       0|       0|
039A|                        |00|0|       1|       0|       0|       0|       0|       0|       0|
039B|                        |00|0|       1|       0|       0|       0|       0|       0|       0|
039C|                        |00|0|       1|       0|       0|       0|       0|       0|       0|
039D|                        |00|0|       1|       0|       0|       0|       0|       0|       0|
039E|                        |00|0|       1|       0|       0|       0|       0|       0|       0|
03A2|                        |00|0|       1|       0|       0|       0|       0|       0|       0|
03A3|                        |00|0|       1|       0|       1|       1|       1|       1|       0|
03A4|                        |00|0|       1|       0|       0|       0|       0|       0|       0|
03A5|                        |00|0|       1|       0|       0|       0|       0|       0|       0|
03A6|                        |00|0|       1|       0|       0|       0|       0|       0|       0|
03A7|                        |00|0|       1|       0|       0|       0|       0|       0|       0|
03B1|                        |00|0|       1|       0|       0|       0|       0|       0|       0|
03B2|                        |00|0|       1|       0|       0|       0|       0|       0|       0|
03B3|                        |00|0|       1|       0|       0|       0|       0|       0|       0|
03B4|                        |00|0|       1|       0|       0|       0|       0|       0|       0|
03B5|                        |00|0|       1|       0|       0|       0|       0|       0|       0|
03B6|                        |00|0|       1|       0|       0|       0|       0|       0|       0|
03B9|                        |00|0|       1|       0|       0|       0|       0|       0|       0|
03BB|                        |00|0|       1|       0|       0|       0|       0|       0|       0|
03BC|                        |00|0|       1|       0|       0|       0|       0|       0|       0|
03BD|                        |00|0|       1|       0|       0|       0|       0|       0|       0|
03BE|                        |00|0|       1|       0|       0|       0|       0|       0|       0|
03BF|                        |00|0|       1|       0|       0|       0|       0|       0|       0|
03C0|                        |00|0|       1|       0|       0|       0|       0|       0|       0|
03C4|                        |00|0|       1|       0|       0|       0|       0|       0|       0|
03C5|                        |00|0|       1|       0|       0|       0|       0|       0|       0|
03C6|                        |00|0|       1|       0|       0|       0|       0|       0|       0|
03C7|                        |00|0|       1|       0|       0|       0|       0|       0|       0|
03C8|                        |00|0|       1|       0|       0|       0|       0|       0|       0|
03C9|                        |00|0|       1|       0|       0|       0|       0|       0|       0|
03CA|                        |00|0|       7|       0|       0|       0|       0|       0|       0|
03CB|                        |00|0|       1|       0|       0|       0|       0|       0|       0|
03CC|                        |00|0|       1|       0|       0|       0|       0|       0|       0|
03CD|                        |00|0|       1|       0|       0|       0|       0|       0|       0|
03CE|                        |00|0|       1|       0|       0|       0|       0|       0|       0|
03D1|                        |00|0|       1|       0|       0|       0|       0|       0|       0|
03D9|                        |00|0|       1|       0|       0|       0|       0|       0|       0|
03DA|                        |00|0|       1|       0|       0|       0|       0|       0|       0|
03DB|                        |00|0|       1|       0|       0|       0|       0|       0|       0|
03E1|                        |00|0|       1|       0|       0|       0|       0|       0|       0|
03EC|                        |00|0|       1|       0|       0|       1|       1|       1|       1|
03EE|MapBitsDiamondBay       |00|0|       F|       1|       1|       1|       1|       1|       1|
03F2|                        |00|0|       1|       0|       0|       0|       0|       0|       0|
03F3|                        |00|0|       1|       0|       0|       0|       0|       0|       0|
03FE|                        |00|0|       1|       0|       0|       0|       0|       0|       0|
03FF|                        |00|0|       1|       0|       0|       0|       0|       0|       0|
0400|                        |00|0|       1|       0|       0|       0|       0|       0|       0|
0401|                        |00|0|       1|       0|       0|       0|       0|       0|       0|
0402|                        |00|0|       1|       0|       0|       0|       0|       0|       0|
0403|                        |00|0|       1|       0|       0|       0|       0|       0|       0|
0404|                        |00|0|       1|       0|       0|       0|       0|       0|       0|
0406|                        |00|0|       1|       0|       0|       0|       0|       0|       0|
0407|                        |00|0|       1|       0|       0|       0|       0|       0|       0|
0408|                        |00|0|       1|       0|       0|       0|       0|       0|       0|
040C|                        |00|0|       1|       0|       0|       0|       0|       0|       0|
040D|                        |00|0|       1|       0|       0|       0|       0|       0|       0|
040E|                        |00|0|       1|       0|       0|       0|       0|       0|       0|
0411|                        |00|0|       1|       0|       0|       0|       0|       0|       0|
0412|                        |00|0|       1|       0|       0|       0|       0|       0|       0|
0413|                        |00|0|       1|       0|       0|       0|       0|       0|       0|
0414|                        |00|0|       1|       0|       0|       0|       0|       0|       0|
0415|                        |00|0|       1|       0|       0|       0|       0|       0|       0|
041F|                        |00|0|       1|       0|       0|       0|       0|       0|       0|
0420|                        |00|0|       1|       0|       0|       0|       0|       0|       0|
0422|                        |00|0|       1|       0|       0|       0|       0|       0|       0|
0423|                        |00|0|       1|       0|       0|       0|       0|       0|       0|
0424|                        |00|0|       1|       0|       0|       0|       0|       0|       0|
0425|                        |00|0|       1|       0|       0|       0|       0|       0|       0|
0426|                        |00|0|       1|       0|       0|       0|       0|       0|       0|
0427|                        |00|0|       1|       0|       0|       0|       0|       0|       0|
0428|                        |00|0|       F|       0|       0|       0|       0|       0|       0|
042A|                        |00|0|       1|       0|       0|       0|       0|       0|       0|
0431|                        |00|0|       1|       0|       0|       0|       0|       0|       0|
0432|                        |00|0|       1|       0|       0|       0|       0|       0|       0|
0433|                        |00|0|       1|       0|       0|       0|       0|       0|       0|
0435|                        |00|0|       1|       0|       0|       0|       0|       0|       0|
0436|                        |00|0|       1|       0|       0|       0|       0|       0|       0|
0437|                        |00|0|       1|       0|       0|       0|       0|       0|       0|
0438|                        |00|0|       1|       0|       0|       0|       0|       0|       0|
0439|                        |00|0|       1|       0|       0|       0|       0|       0|       0|
043A|                        |00|0|       1|       0|       0|       0|       0|       0|       0|
043B|                        |00|0|       1|       0|       0|       0|       0|       0|       0|
043C|                        |00|0|       1|       0|       0|       0|       0|       0|       0|
043D|                        |00|0|       1|       0|       0|       0|       0|       0|       0|
043E|                        |00|0|       1|       0|       0|       0|       0|       0|       0|
043F|                        |00|0|       1|       0|       0|       0|       0|       0|       0|
0440|                        |00|0|       1|       0|       0|       0|       0|       0|       0|
0441|                        |00|0|       1|       0|       0|       0|       0|       0|       0|
0444|                        |00|0|       1|       0|       0|       0|       0|       0|       0|
044B|                        |00|0|       1|       0|       0|       0|       0|       0|       0|
044C|                        |00|0|       1|       0|       0|       0|       0|       0|       0|
044D|                        |00|0|       1|       0|       0|       0|       0|       0|       0|
044E|                        |00|0|       1|       0|       0|       0|       0|       0|       0|
0450|                        |00|0|       1|       0|       0|       0|       0|       0|       0|
0454|                        |00|0|       1|       0|       0|       0|       0|       0|       0|
0455|                        |00|0|       1|       0|       0|       0|       0|       0|       0|
045B|                        |00|0|       1|       0|       0|       0|       0|       0|       0|
046B|                        |00|0|       1|       0|       0|       0|       0|       0|       0|
046C|                        |00|0|       1|       0|       0|       0|       0|       0|       0|
0475|                        |00|0|       1|       0|       0|       0|       0|       0|       0|
0476|                        |00|0|       1|       0|       0|       0|       0|       0|       0|
0477|                        |00|0|       1|       0|       0|       0|       0|       0|       0|
047E|                        |00|0|       1|       0|       0|       0|       0|       0|       0|
047F|                        |00|0|       1|       0|       0|       0|       0|       0|       0|
0488|                        |00|0|      FF|       0|       0|       0|       0|       0|       0|
0492|MapBitsSnowMines        |00|0|       F|       1|       1|       1|       1|       1|       1|
0497|                        |00|0|       1|       0|       0|       0|       0|       0|       0|
0498|                        |00|0|       1|       0|       0|       0|       0|       0|       0|
0499|                        |00|0|       1|       0|       0|       0|       0|       0|       0|
049A|                        |00|0|       1|       0|       0|       1|       1|       1|       1|
049B|                        |57|1|       1|       0|       0|       1|       1|       1|       1|
049C|                        |00|0|       1|       0|       0|       1|       1|       1|       1|
049D|                        |00|0|       1|       0|       0|       0|       0|       0|       0|
049E|                        |00|0|       1|       0|       0|       1|       1|       1|       1|
049F|                        |00|0|       1|       0|       0|       0|       0|       0|       0|
04A0|                        |00|0|       1|       0|       0|       0|       0|       0|       0|
04A4|                        |00|0|       1|       0|       0|       0|       0|       0|       0|
04A5|                        |00|0|       1|       0|       0|       0|       0|       0|       0|
04A9|                        |00|0|       1|       0|       0|       0|       0|       0|       0|
04AA|                        |00|0|       1|       0|       0|       0|       0|       0|       0|
04AB|WaterSpellStone1_4AB    |00|0|       1|       0|       0|       0|       0|       0|       0|related to spellstone
04AD|                        |00|0|       1|       0|       0|       0|       0|       0|       0|
04AF|                        |00|0|       1|       0|       0|       0|       0|       0|       0|
04B3|                        |00|0|       1|       0|       0|       0|       0|       0|       0|
04B4|                        |00|0|       1|       0|       0|       0|       0|       0|       0|
04B5|                        |00|0|       1|       0|       0|       0|       0|       0|       0|
04B6|                        |00|0|       1|       0|       0|       0|       0|       0|       0|
04B7|                        |00|0|       1|       0|       0|       0|       0|       0|       0|related to object targeting
04B8|                        |00|0|       1|       0|       0|       0|       0|       0|       0|
04BA|                        |00|0|       1|       0|       0|       0|       0|       0|       0|
04BE|                        |00|0|       1|       0|       0|       0|       0|       0|       0|
04BF|                        |00|0|       1|       0|       0|       0|       0|       0|       0|
04C2|                        |00|0|       1|       0|       0|       0|       0|       0|       0|
04C3|                        |00|0|       1|       0|       0|       0|       0|       0|       0|
04C4|                        |00|0|       1|       0|       0|       0|       0|       0|       0|
04C5|                        |00|0|       1|       0|       0|       0|       0|       0|       0|
04C6|                        |00|0|       1|       0|       0|       0|       0|       0|       0|
04C7|                        |00|0|       1|       0|       0|       0|       0|       0|       0|
04C8|                        |00|0|       1|       0|       0|       0|       0|       0|       0|
04C9|                        |00|0|       1|       0|       0|       0|       0|       0|       0|
04CA|                        |00|0|       1|       0|       0|       0|       0|       0|       0|
04CB|                        |00|0|       1|       0|       0|       0|       0|       0|       0|
04CC|                        |00|0|       1|       0|       0|       0|       0|       0|       0|
04CD|                        |00|0|       1|       0|       0|       0|       0|       0|       0|
04CE|                        |00|0|       3|       0|       0|       0|       0|       0|       0|
04CF|                        |00|0|       1|       0|       0|       0|       0|       0|       0|
04DA|                        |00|0|       1|       0|       0|       0|       0|       0|       0|
04DB|                        |00|0|       1|       0|       0|       0|       0|       0|       0|
04DC|                        |00|0|       1|       0|       0|       0|       0|       0|       0|
04DD|                        |00|0|       1|       0|       0|       0|       0|       0|       0|
04DE|                        |00|0|       1|       0|       0|       0|       0|       0|       0|
04DF|                        |00|0|       1|       0|       0|       0|       0|       0|       0|
04E0|                        |00|0|       1|       0|       0|       0|       0|       0|       0|
04E6|                        |00|0|       1|       0|       0|       0|       0|       0|       0|
0502|                        |00|0|       1|       0|       0|       0|       0|       0|       0|
050B|                        |00|0|       1|       0|       0|       0|       0|       0|       0|
050C|                        |00|0|       1|       0|       0|       0|       0|       0|       0|
050D|                        |00|0|       1|       0|       0|       0|       0|       0|       1|
050E|                        |00|0|       1|       0|       0|       0|       0|       0|       0|
050F|                        |00|0|       1|       0|       0|       0|       0|       0|       0|
0524|                        |00|0|       1|       0|       0|       0|       0|       0|       0|
0525|                        |00|0|       1|       0|       0|       0|       0|       0|       0|
0526|                        |00|0|       1|       0|       0|       0|       0|       0|       0|
0527|                        |00|0|       1|       0|       0|       0|       0|       0|       0|
0528|                        |00|0|       1|       0|       0|       0|       0|       0|       0|
0529|                        |00|0|       1|       0|       0|       0|       0|       0|       0|
052A|                        |00|0|       1|       0|       0|       0|       0|       0|       0|
052B|                        |00|0|       1|       0|       0|       0|       0|       0|       0|
052C|                        |00|0|       1|       0|       0|       0|       0|       0|       0|
053B|                        |00|0|       1|       0|       0|       0|       0|       0|       0|
053C|                        |00|0|       1|       0|       0|       0|       0|       0|       0|
053D|                        |00|0|       1|       0|       0|       0|       0|       0|       0|
053E|                        |00|0|       1|       0|       0|       0|       0|       0|       0|
053F|                        |00|0|       1|       0|       0|       0|       0|       0|       0|
0540|                        |00|0|       1|       0|       1|       1|       1|       1|       1|
0541|                        |00|0|       1|       0|       0|       1|       1|       1|       1|
0542|                        |00|0|       1|       0|       0|       0|       0|       0|       0|
0547|MapBitsTrexBoss         |00|0|       F|       1|       1|       1|       1|       1|       1|
0549|                        |00|0|       1|       0|       0|       0|       0|       0|       0|
056E|                        |00|0|       1|       0|       0|       0|       0|       0|       0|
056F|                        |00|0|       1|       0|       0|       0|       0|       0|       0|
0570|                        |00|0|       1|       0|       0|       0|       0|       0|       0|
0571|                        |00|0|       1|       0|       0|       0|       0|       0|       0|
0572|                        |00|0|       F|       0|       0|       0|       7|       7|       7|
0573|                        |00|0|       1|       0|       0|       0|       0|       0|       0|
0574|                        |00|0|       1|       0|       0|       0|       0|       0|       0|
0575|                        |00|0|       1|       0|       0|       0|       0|       0|       0|
0577|                        |00|0|       1|       0|       0|       0|       0|       0|       0|
0580|                        |00|0|       1|       0|       0|       0|       0|       0|       0|
0582|                        |00|0|       1|       0|       0|       0|       0|       0|       0|
0584|                        |00|0|       1|       0|       0|       0|       0|       0|       0|
0585|                        |00|0|       1|       0|       0|       0|       0|       0|       0|
0586|                        |00|0|       1|       0|       0|       0|       0|       0|       0|
05D0|MapBitsKrazTest         |00|0|       F|       1|       1|       1|       2|       2|       2|also dfptop
062A|                        |00|0|       1|       0|       0|       0|       0|       1|       1|
062B|                        |00|0|       1|       0|       0|       0|       0|       1|       1|
062C|                        |00|0|       1|       0|       0|       0|       0|       0|       0|
062D|                        |00|0|       1|       0|       0|       0|       0|       0|       0|
062F|                        |00|0|       1|       0|       0|       0|       0|       1|       1|
0630|                        |00|0|       1|       0|       0|       0|       0|       1|       1|
0631|                        |00|0|       1|       0|       0|       0|       0|       1|       1|
0661|                        |00|0|       1|       0|       0|       0|       0|       0|       0|
0662|                        |00|0|       1|       0|       0|       0|       0|       0|       0|
0663|                        |00|0|       1|       0|       0|       0|       0|       0|       0|
0665|                        |00|0|       1|       0|       0|       0|       0|       0|       0|
0666|                        |00|0|       1|       0|       0|       0|       0|       0|       0|
0667|                        |00|0|       1|       0|       0|       0|       0|       0|       0|
0668|                        |00|0|       1|       0|       0|       0|       0|       0|       0|
0669|                        |00|0|       1|       0|       0|       0|       0|       0|       0|
0676|                        |00|0|       1|       0|       0|       0|       0|       0|       0|
067F|                        |00|0|       1|       0|       0|       0|       0|       0|       0|
0683|                        |00|0|       7|       0|       0|       0|       0|       0|       0|
0687|                        |00|0|       1|       0|       0|       0|       0|       0|       0|
0688|                        |00|0|       1|       0|       0|       0|       0|       0|       0|
0689|                        |00|0|       1|       0|       0|       0|       0|       0|       0|
068A|                        |00|0|       1|       0|       0|       0|       0|       0|       0|
068B|                        |00|0|       1|       0|       0|       0|       0|       0|       0|
068C|                        |00|0|       1|       0|       0|       0|       0|       0|       0|
068D|                        |00|0|       1|       0|       0|       0|       0|       0|       0|
068E|                        |00|0|       1|       0|       0|       0|       0|       0|       0|
068F|                        |00|0|       1|       0|       0|       0|       0|       0|       0|
0690|                        |00|0|       1|       0|       0|       0|       0|       0|       0|
0691|                        |00|0|       1|       0|       0|       0|       0|       0|       0|
0692|                        |00|0|       1|       0|       0|       0|       0|       0|       0|
0693|                        |00|0|       1|       0|       0|       0|       0|       0|       0|
0694|                        |00|0|       1|       0|       0|       0|       0|       0|       0|
0695|                        |00|0|       1|       0|       0|       0|       0|       0|       0|
0696|                        |00|0|       1|       0|       0|       0|       0|       0|       0|
0764|                        |00|0|       1|       0|       0|       0|       0|       0|       0|
0765|                        |00|0|       1|       0|       0|       0|       0|       0|       0|
076E|MapBitsDragRock         |00|0|       F|       1|       1|       1|       1|       1|       1|
076F|MapBitsDragRockBottom   |00|0|       F|       1|       1|       1|       1|       1|       1|
0774|                        |00|0|       1|       0|       0|       0|       0|       0|       0|
0775|                        |00|0|       1|       0|       0|       0|       0|       0|       0|
0776|                        |00|0|       1|       0|       0|       0|       0|       0|       0|
0783|                        |00|0|       1|       0|       0|       0|       0|       0|       0|
0788|                        |00|0|       1|       0|       0|       0|       0|       0|       0|
0789|                        |00|0|       7|       0|       0|       0|       0|       0|       0|
078B|                        |00|0|       1|       0|       0|       0|       0|       0|       0|
07A4|                        |00|0|       1|       0|       0|       0|       0|       0|       0|
07A9|                        |00|0|       7|       0|       0|       0|       0|       0|       0|
07AA|                        |00|0|      1F|       0|       0|       0|       0|       C|       C|
07B6|                        |00|0|       1|       0|       0|       0|       0|       0|       0|
07BA|                        |00|0|       1|       0|       0|       0|       0|       0|       0|
07BB|                        |00|0|       1|       0|       0|       0|       0|       0|       0|
07BC|                        |00|0|       1|       0|       0|       0|       0|       0|       0|
07BF|HaveSpellStone7BF       |00|0|       1|       0|       0|       0|       0|       0|       0|
07C7|                        |00|0|       1|       0|       0|       0|       0|       0|       0|
07C8|                        |00|0|       1|       0|       0|       0|       0|       0|       0|
07C9|                        |00|0|       1|       0|       0|       0|       0|       0|       0|
07CC|                        |00|0|       1|       0|       0|       0|       0|       0|       0|
07CD|                        |00|0|       1|       0|       0|       0|       0|       0|       0|
07D4|                        |00|0|       1|       0|       0|       0|       0|       1|       1|
07ED|                        |00|0|       1|       0|       0|       0|       1|       1|       1|
07EE|                        |00|0|       1|       0|       0|       0|       1|       1|       1|
07EF|                        |00|0|       1|       0|       0|       0|       1|       1|       1|
07F0|                        |00|0|       1|       0|       0|       0|       1|       1|       1|
07F7|                        |00|0|       1|       0|       0|       0|       1|       1|       1|
0802|                        |00|0|       1|       0|       0|       0|       1|       1|       1|
080A|                        |00|0|       1|       0|       0|       0|       0|       0|       0|
0821|                        |00|0|       1|       0|       0|       0|       0|       0|       0|
082B|                        |00|0|       F|       0|       0|       0|       0|       0|       0|
083E|                        |00|0|       1|       0|       0|       0|       0|       0|       0|
083F|                        |00|0|       7|       0|       0|       0|       0|       0|       0|
0840|                        |00|0|       1|       0|       0|       0|       0|       0|       0|
0846|                        |00|0|       1|       0|       0|       0|       0|       0|       0|
0847|                        |00|0|       1|       0|       0|       0|       0|       0|       0|
084F|                        |00|0|       1|       0|       0|       0|       0|       0|       0|
086B|                        |00|0|       1|       0|       0|       0|       0|       0|       0|
086C|                        |00|0|       1|       0|       0|       0|       0|       0|       0|
086D|                        |00|0|       1|       0|       0|       0|       0|       0|       0|
086F|                        |00|0|       1|       0|       0|       0|       0|       0|       0|
0870|                        |00|0|       1|       0|       0|       0|       0|       0|       0|
0871|                        |00|0|       1|       0|       0|       0|       0|       0|       0|
0872|                        |00|0|       1|       0|       0|       0|       0|       0|       0|
0873|                        |00|0|       1|       0|       0|       0|       0|       0|       0|
087D|                        |00|0|       1|       0|       0|       0|       0|       0|       0|
087E|                        |00|0|       1|       0|       0|       0|       0|       0|       0|
087F|                        |00|0|       1|       0|       0|       0|       0|       0|       0|
088D|                        |00|0|       1|       0|       0|       0|       0|       0|       0|
08A6|                        |00|0|       1|       0|       0|       0|       0|       0|       0|
08AF|                        |00|0|       1|       0|       0|       0|       0|       0|       0|
08B2|                        |00|0|       1|       0|       0|       0|       0|       0|       0|
08B3|                        |00|0|       1|       0|       0|       0|       0|       0|       0|
08B4|                        |00|0|       1|       0|       0|       0|       0|       0|       0|
08BB|                        |00|0|       1|       0|       0|       0|       0|       0|       0|
08C0|                        |00|0|       1|       0|       0|       0|       0|       0|       0|
08CB|                        |00|0|       1|       0|       0|       0|       0|       0|       0|
08CC|                        |00|0|       1|       0|       0|       0|       0|       0|       0|
08CD|                        |00|0|       1|       0|       0|       0|       0|       0|       0|
08CE|                        |00|0|       1|       0|       0|       0|       0|       0|       0|
08D1|                        |00|0|       1|       0|       0|       0|       0|       0|       0|
08D3|                        |00|0|       1|       0|       0|       0|       0|       0|       0|
08E9|                        |00|0|       1|       0|       0|       0|       0|       0|       0|
08EA|                        |00|0|       1|       0|       0|       0|       0|       0|       0|
08EB|                        |00|0|       1|       0|       0|       0|       0|       0|       0|
08EC|MapBitsOldKrazoaPalace  |00|0|       F|       1|       1|       1|       1|       1|       1|old "krazoapalace" map
08F7|                        |00|0|       1|       0|       0|       0|       0|       0|       0|
0900|                        |00|0|       7|       0|       0|       0|       0|       0|       0|
0901|                        |00|0|       7|       0|       0|       4|       4|       4|       6|
0902|WaterSpellStone1_902    |00|0|       1|       0|       0|       0|       0|       0|       0|
0906|                        |00|0|       1|       0|       0|       0|       0|       0|       0|
0907|                        |00|0|       1|       0|       0|       0|       0|       0|       0|
0909|                        |00|0|       1|       0|       0|       0|       0|       0|       0|
090A|                        |00|0|       1|       0|       0|       0|       0|       0|       0|
091C|HaveKPGoldKey           |00|0|       1|       0|       1|       1|       1|       1|       1|from Krazoa Palace
091D|                        |00|0|       1|       0|       0|       0|       0|       0|       0|
0920|                        |00|0|       1|       0|       0|       0|       0|       0|       0|
0922|                        |00|0|       1|       0|       0|       0|       0|       0|       0|
0923|                        |00|0|       1|       0|       0|       0|       0|       0|       0|
0924|                        |00|0|       1|       0|       0|       0|       0|       0|       0|
0925|                        |00|0|       1|       0|       0|       0|       0|       0|       0|
0926|                        |00|0|       1|       0|       0|       0|       0|       0|       0|
0927|                        |00|0|       1|       0|       0|       0|       0|       0|       0|
0928|                        |00|0|       1|       0|       0|       0|       0|       0|       0|
0932|                        |00|0|       1|       0|       0|       0|       0|       0|       0|
0933|                        |00|0|       1|       0|       0|       0|       0|       0|       0|
0934|                        |00|0|       1|       0|       0|       0|       0|       0|       0|
0935|                        |00|0|       1|       0|       0|       0|       0|       0|       0|
0936|                        |00|0|       1|       0|       0|       0|       0|       0|       0|
0937|                        |00|0|       1|       0|       0|       0|       0|       0|       0|
093B|                        |00|0|       1|       0|       0|       0|       0|       0|       0|
093C|                        |00|0|       1|       0|       0|       1|       1|       1|       1|
093D|                        |00|0|       1|       0|       0|       0|       0|       0|       0|
093E|                        |00|0|       1|       0|       0|       0|       0|       0|       0|
093F|                        |00|0|       1|       0|       0|       1|       1|       1|       1|
0942|                        |00|0|       1|       0|       0|       0|       0|       0|       0|
0943|                        |00|0|       1|       0|       0|       0|       0|       0|       0|
0945|                        |00|0|       1|       0|       0|       0|       0|       0|       0|
0946|                        |00|0|       1|       0|       0|       0|       0|       0|       0|
0947|                        |00|0|       1|       0|       0|       0|       0|       0|       0|
0948|                        |00|0|       1|       0|       0|       0|       0|       0|       0|
0949|                        |00|0|       1|       0|       0|       0|       0|       0|       0|
094C|                        |00|0|       1|       0|       0|       0|       0|       0|       0|
094D|                        |00|0|       1|       0|       0|       0|       0|       0|       0|
0954|                        |00|0|       1|       0|       0|       1|       1|       1|       1|
0955|                        |00|0|       1|       0|       0|       1|       1|       1|       1|
0959|                        |00|0|       1|       0|       0|       0|       0|       0|       0|
095A|                        |00|0|       1|       0|       0|       0|       0|       0|       0|
096C|                        |00|0|       1|       0|       0|       0|       0|       0|       0|
0970|SavedWithOneLessHealth  |00|0|       1|       0|       0|       0|       0|       0|       0|game saved with one less health - no idea why this exists
0972|                        |00|0|       1|       0|       0|       1|       1|       1|       1|
0973|                        |00|0|       1|       0|       0|       1|       1|       1|       1|
0978|                        |00|0|       1|       0|       0|       1|       1|       1|       1|
0979|                        |00|0|       1|       0|       0|       1|       1|       1|       1|
097A|                        |00|0|       1|       0|       0|       0|       0|       0|       0|
0982|                        |00|0|       1|       0|       0|       0|       0|       0|       0|
0987|                        |00|0|       1|       0|       0|       0|       0|       0|       0|
0988|                        |00|0|       1|       0|       0|       1|       1|       1|       1|
09A9|                        |00|0|       1|       0|       0|       0|       0|       0|       0|
09B9|                        |00|0|       1|       0|       0|       0|       0|       0|       0|
09C3|                        |00|0|       1|       0|       0|       0|       0|       0|       0|
09C6|                        |00|0|       1|       0|       0|       0|       0|       0|       0|
09C7|                        |00|0|       1|       0|       0|       0|       0|       1|       1|
09C9|                        |00|0|       1|       0|       0|       0|       0|       1|       1|
09CB|                        |00|0|       1|       0|       0|       0|       0|       1|       1|
09CD|                        |00|0|       1|       0|       0|       0|       0|       1|       1|
09D0|                        |00|0|       1|       0|       0|       0|       0|       0|       0|
09D6|                        |00|0|       1|       0|       0|       0|       0|       0|       0|
09D7|                        |00|0|       1|       0|       0|       0|       0|       0|       0|
09D8|                        |00|0|       1|       0|       1|       1|       1|       1|       1|
09D9|                        |00|0|       1|       0|       0|       0|       0|       0|       0|
09DA|                        |00|0|       1|       0|       0|       0|       0|       0|       0|
09DC|                        |00|0|       1|       0|       0|       0|       0|       0|       0|
09E0|                        |00|0|       1|       0|       0|       0|       0|       1|       1|
09E1|                        |00|0|       1|       0|       0|       0|       0|       1|       1|
09E2|                        |00|0|       1|       0|       0|       0|       0|       1|       1|
09E7|                        |00|0|       1|       0|       0|       0|       0|       1|       1|
09EA|                        |00|0|       1|       0|       0|       0|       0|       0|       0|
09F2|                        |00|0|       1|       0|       0|       0|       0|       1|       1|
0A03|                        |00|0|       1|       0|       0|       0|       0|       0|       0|
0A04|                        |00|0|       1|       0|       0|       0|       0|       0|       0|
0A05|                        |00|0|       1|       0|       0|       0|       0|       0|       0|
0A06|                        |00|0|       1|       0|       0|       0|       0|       0|       0|
0A07|                        |00|0|       1|       0|       0|       0|       0|       0|       0|
0A1C|                        |00|0|       1|       0|       0|       0|       0|       0|       0|
0A1D|                        |00|0|       1|       0|       0|       0|       0|       0|       0|
0A1E|                        |00|0|       1|       0|       0|       0|       0|       0|       0|
0A31|                        |72|1|       1|       0|       0|       0|       1|       1|       1|
0A55|                        |00|0|       1|       0|       0|       0|       0|       1|       1|
0A56|                        |00|0|       1|       0|       0|       0|       0|       1|       1|
0A6E|                        |00|0|       1|       0|       0|       0|       0|       0|       0|
0A79|                        |00|0|       1|       0|       0|       1|       1|       1|       1|
0A7A|                        |00|0|       1|       0|       0|       1|       1|       1|       1|
0A7B|                        |00|0|       1|       0|       1|       1|       1|       1|       1|did collect something
0A8C|                        |00|0|       1|       0|       0|       0|       0|       0|       0|
0A8D|                        |00|0|       1|       0|       0|       0|       0|       0|       0|
0A8E|                        |00|0|       1|       0|       0|       0|       0|       0|       0|
0A8F|                        |00|0|       1|       0|       0|       0|       0|       0|       0|
0A90|                        |00|0|       1|       0|       0|       0|       0|       0|       0|
0A91|                        |00|0|       1|       0|       0|       0|       0|       0|       0|
0A92|                        |00|0|       1|       0|       0|       0|       0|       0|       0|
0ABA|                        |00|0|       1|       0|       0|       0|       0|       0|       0|WarpStone related
0ABB|                        |00|0|       1|       0|       0|       0|       0|       0|       0|
0ABC|                        |00|0|       1|       0|       0|       0|       0|       0|       0|
0ABD|                        |00|0|       1|       0|       0|       0|       0|       0|       0|
0ABE|                        |00|0|       1|       0|       0|       0|       0|       0|       0|
0ABF|                        |00|0|       1|       0|       0|       0|       0|       0|       0|
0AC0|                        |00|0|       1|       0|       0|       0|       0|       0|       0|
0AC1|                        |00|0|       1|       0|       0|       0|       0|       0|       0|
0AC2|                        |00|0|       1|       0|       0|       0|       0|       0|       0|
0ACE|                        |00|0|       1|       0|       0|       0|       0|       0|       0|
0AD0|                        |00|0|       1|       0|       0|       0|       0|       0|       1|
0AD1|                        |00|0|       1|       0|       0|       0|       0|       0|       0|
0AD7|                        |00|0|       1|       0|       0|       0|       0|       0|       0|
0AE2|                        |00|0|       1|       0|       0|       0|       0|       0|       0|
0B07|                        |00|0|       1|       0|       0|       1|       1|       1|       1|
0B08|                        |00|0|       1|       0|       0|       0|       0|       0|       0|
0B09|                        |00|0|       1|       0|       0|       0|       0|       0|       0|
0B1B|                        |00|0|       1|       0|       0|       0|       0|       0|       0|
0B1C|                        |00|0|       1|       0|       0|       0|       0|       0|       0|
0B1D|                        |00|0|       1|       0|       0|       0|       0|       0|       0|
0B20|                        |00|0|       1|       0|       0|       1|       1|       1|       1|
0B21|                        |00|0|       1|       0|       0|       1|       1|       1|       1|
0B22|                        |00|0|       1|       0|       0|       1|       1|       1|       1|
0B25|                        |00|0|       1|       0|       0|       1|       1|       1|       1|
0B26|                        |00|0|       1|       0|       0|       1|       1|       1|       1|
0B27|                        |00|0|       1|       0|       0|       0|       0|       0|       0|
0B28|                        |00|0|       1|       0|       0|       1|       1|       1|       1|
0B2A|                        |00|0|       1|       0|       0|       1|       1|       1|       1|
0B2B|                        |00|0|       1|       0|       0|       1|       1|       1|       1|
0B2C|                        |00|0|       1|       0|       0|       1|       1|       1|       1|
0B2D|                        |00|0|       1|       0|       0|       1|       1|       1|       1|
0B2E|                        |00|0|       1|       0|       0|       1|       1|       1|       1|
0B2F|                        |00|0|       1|       0|       0|       1|       1|       1|       1|
0B30|                        |00|0|       1|       0|       0|       1|       1|       1|       1|
0B31|                        |00|0|       1|       0|       0|       1|       1|       1|       1|
0B32|                        |00|0|       1|       0|       0|       1|       1|       1|       1|
0B33|                        |00|0|       1|       0|       0|       0|       0|       0|       0|
0B34|                        |00|0|       1|       0|       0|       0|       0|       0|       0|
0B35|                        |00|0|       1|       0|       0|       0|       0|       0|       0|
0B37|                        |00|0|       1|       0|       0|       1|       1|       1|       1|
0B38|                        |00|0|       1|       0|       0|       1|       1|       1|       1|
0B39|                        |00|0|       1|       0|       0|       1|       1|       1|       1|
0B3A|                        |00|0|       1|       0|       0|       1|       1|       1|       1|
0B3B|                        |00|0|       1|       0|       0|       1|       1|       1|       1|
0B3C|                        |00|0|       1|       0|       0|       1|       1|       1|       1|
0B3D|                        |00|0|       1|       0|       0|       1|       1|       1|       1|
0B3E|                        |00|0|       1|       0|       0|       1|       1|       1|       1|
0B3F|                        |00|0|       1|       0|       0|       1|       1|       1|       1|
0B40|                        |00|0|       1|       0|       0|       0|       0|       0|       0|
0B41|                        |00|0|       1|       0|       0|       0|       0|       0|       0|
0B42|                        |00|0|       1|       0|       0|       0|       0|       0|       0|
0B43|                        |00|0|       1|       0|       0|       0|       0|       0|       0|
0B44|                        |00|0|       1|       0|       0|       0|       0|       0|       0|
0B46|                        |00|0|       1|       0|       0|       0|       0|       0|       0|
0B47|                        |00|0|       1|       0|       0|       0|       0|       0|       0|
0B4A|                        |00|0|       1|       0|       0|       0|       0|       0|       0|
0B51|                        |00|0|       1|       0|       0|       1|       1|       1|       1|
0B58|                        |00|0|       1|       0|       0|       0|       0|       0|       0|
0B59|                        |00|0|       1|       0|       0|       1|       1|       1|       1|
0B6C|                        |00|0|       1|       0|       0|       1|       1|       1|       1|
0B6D|                        |00|0|       1|       0|       0|       1|       1|       1|       1|
0B6E|                        |00|0|       1|       0|       0|       1|       1|       1|       1|
0B6F|                        |00|0|       1|       0|       0|       1|       1|       1|       1|
0B7D|                        |00|0|       1|       0|       0|       1|       1|       1|       1|
0B7E|                        |00|0|       1|       0|       0|       0|       0|       0|       0|
0B81|MapBitsLinkA            |00|0|       F|       1|       1|       3|       3|       3|       3|
0B87|                        |00|0|       1|       0|       0|       0|       0|       0|       0|
0B89|                        |00|0|       1|       0|       0|       0|       0|       0|       0|
0B8A|                        |00|0|       1|       0|       0|       0|       0|       0|       0|
0B8B|                        |00|0|       1|       0|       0|       0|       0|       0|       0|
0B90|                        |00|0|       1|       0|       0|       0|       0|       0|       0|
0B91|                        |00|0|       1|       0|       0|       0|       0|       0|       0|
0B92|                        |00|0|       1|       0|       0|       0|       0|       0|       0|
0B93|                        |00|0|       1|       0|       0|       1|       1|       1|       0|
0B94|                        |00|0|       1|       0|       0|       0|       0|       0|       0|
0B95|                        |00|0|       1|       0|       0|       0|       0|       0|       0|
0B97|                        |00|0|       1|       0|       0|       0|       0|       0|       0|
0BA5|                        |04|1|       1|       0|       1|       1|       1|       1|       1|
0BAB|                        |00|0|       1|       0|       0|       0|       0|       0|       0|
0BAD|                        |00|0|       1|       0|       0|       0|       0|       0|       0|
0BAE|                        |00|0|       1|       0|       0|       1|       1|       1|       1|
0BAF|                        |00|0|       1|       0|       0|       1|       1|       1|       1|
0BC3|                        |00|0|       1|       0|       0|       1|       1|       1|       1|
0BC4|                        |00|0|       1|       0|       0|       0|       0|       0|       0|
0BC5|                        |00|0|       1|       0|       0|       1|       1|       1|       1|
0BC6|                        |00|0|       1|       0|       0|       1|       1|       1|       1|
0BC8|                        |00|0|       1|       0|       0|       0|       0|       0|       0|
0BD0|                        |00|0|       1|       0|       0|       0|       0|       0|       0|
0C77|                        |00|0|       1|       0|       0|       0|       0|       0|       0|
0C78|                        |00|0|       1|       0|       0|       0|       0|       0|       0|
0C83|                        |00|0|       1|       0|       0|       0|       0|       0|       0|
0C86|                        |00|0|       1|       0|       0|       1|       1|       1|       1|
0C87|                        |00|0|       1|       0|       0|       0|       0|       0|       0|
0CAD|                        |00|0|       1|       0|       0|       0|       1|       1|       1|
0CC2|MapBitsGreatFox         |00|0|       F|       1|       1|       1|       1|       1|       1|
0D19|                        |00|0|       1|       0|       0|       0|       1|       1|       1|
0D1B|                        |00|0|       1|       0|       0|       1|       1|       1|       1|
0D1C|                        |00|0|       1|       0|       0|       0|       1|       1|       1|
0D1D|                        |00|0|       1|       0|       0|       0|       0|       1|       1|
0D1E|                        |00|0|       1|       0|       0|       0|       0|       0|       1|
0D1F|                        |00|0|       1|       0|       0|       0|       0|       0|       1|
0D27|                        |00|0|       1|       0|       1|       1|       1|       1|       1|
0D37|                        |AF|1|       1|       0|       0|       0|       0|       0|       1|
0D3A|                        |00|0|       1|       0|       0|       0|       0|       0|       0|
0D3B|                        |00|0|       1|       0|       0|       0|       0|       0|       0|
0D3C|                        |00|0|       1|       0|       0|       0|       0|       0|       0|
0D3D|                        |00|0|       1|       0|       0|       0|       0|       0|       0|
0D41|                        |00|0|       1|       0|       0|       1|       1|       1|       1|
0D42|                        |00|0|       1|       0|       0|       0|       0|       0|       0|
0D43|                        |00|0|       1|       0|       0|       0|       0|       0|       0|
0D53|                        |00|0|       1|       0|       0|       0|       0|       0|       0|
0D72|                        |00|0|       1|       0|       0|       0|       0|       0|       0|
0D84|                        |00|0|       1|       0|       0|       0|       1|       1|       1|
0D85|                        |00|0|       1|       0|       0|       0|       1|       1|       1|
0D86|                        |00|0|       1|       0|       0|       0|       1|       1|       1|
0D87|                        |00|0|       1|       0|       0|       0|       1|       1|       1|
0D88|                        |00|0|       1|       0|       0|       0|       1|       1|       1|
0D89|                        |00|0|       1|       0|       0|       0|       1|       1|       1|
0D8A|                        |00|0|       1|       0|       0|       0|       1|       1|       1|
0D8B|                        |00|0|       1|       0|       0|       0|       1|       1|       1|
0DA6|                        |00|0|       1|       0|       0|       0|       0|       0|       0|
0DA9|                        |00|0|       1|       0|       0|       0|       0|       0|       0|
0DD4|                        |00|0|       1|       0|       0|       1|       1|       1|       1|
0DD5|                        |00|0|       1|       0|       0|       1|       1|       1|       1|
0DD6|                        |00|0|       1|       0|       0|       1|       1|       1|       1|
0E12|                        |00|0|       1|       0|       0|       1|       1|       1|       1|
0E46|                        |00|0|       1|       0|       0|       0|       0|       0|       1|
0E47|                        |00|0|       1|       0|       0|       0|       0|       0|       0|
0E48|                        |00|0|       1|       0|       0|       0|       0|       0|       0|
0E4B|                        |00|0|       1|       0|       0|       1|       1|       1|       1|
0E4C|                        |00|0|       3|       0|       0|       1|       1|       1|       1|
0E4D|                        |00|0|       7|       0|       0|       1|       1|       1|       1|
0E54|                        |00|0|       1|       0|       0|       0|       0|       1|       1|
0E55|                        |00|0|       1|       0|       0|       0|       0|       0|       0|
0E5A|                        |00|0|       1|       0|       0|       0|       1|       1|       0|
0E6D|                        |00|0|       1|       0|       0|       0|       0|       0|       1|
0E71|                        |00|0|       1|       0|       0|       0|       0|       0|       1|
0E73|                        |00|0|       1|       0|       0|       0|       0|       0|       1|
0E89|                        |00|0|       1|       0|       0|       1|       1|       1|       1|
0E95|                        |00|0|       1|       0|       0|       0|       0|       0|       0|
0EC4|                        |00|0|       1|       0|       0|       0|       0|       0|       0|
0EC5|                        |00|0|       1|       0|       0|       0|       0|       0|       0|
0EC6|                        |00|0|       1|       0|       0|       0|       0|       0|       0|
0EC7|                        |00|0|       1|       0|       0|       0|       0|       0|       0|
0EC8|                        |00|0|       1|       0|       0|       0|       0|       0|       0|
0EC9|                        |00|0|       1|       0|       0|       0|       0|       0|       0|
0EE8|                        |00|0|       1|       0|       0|       0|       0|       0|       1|
0EEC|                        |00|0|       1|       0|       0|       0|       0|       0|       0|
0EED|                        |00|0|       1|       0|       0|       0|       0|       0|       1|
0EF0|                        |00|0|       1|       0|       0|       0|       0|       0|       1|
0EF1|                        |00|0|       1|       0|       0|       0|       0|       0|       0|
0EF9|                        |00|0|       1|       0|       0|       0|       1|       1|       1|
