Bit#|T|??|?|MaxValue|Name|Note
----|-|--|-|--------|----|----
0000|0|00|0|00000001|HaveCallTricky|why in temporary table?
0001|0|00|0|00000001|HaveTrickyFind|
0002|0|00|0|00000001||
0003|0|00|0|00000001|HaveTrickyStay|
0004|0|00|0|00000001|HaveTrickyFlame|
0005|1|00|0|00000001|HaveTrickysBall|separate from BoughtTrickysBall
0006|2|00|0|00000001||
0007|2|00|0|00000001||
0008|1|00|0|00000001||
0009|2|00|0|00000001||
000A|2|00|0|00000001||
000B|2|00|0|00000001||
000C|1|00|0|00000001||
000D|0|00|0|00000001||
000E|0|00|0|00000001||
000F|0|00|0|00000001||
0010|0|00|0|00000001||
0011|2|00|0|00000001||
0012|0|00|0|00000001||
0013|1|00|0|00000001||
0014|1|00|0|00000001||
0015|0|00|0|00000001||
0016|1|00|0|00000001||
0017|1|00|0|00000001||
0018|0|00|0|00000001|ClimbOnSnowHorn|climbing onto SnowHorn (will warp you to nearby one)
0019|0|00|0|00000001|ClimbOffSnowHorn|
001A|2|00|0|00000001||
001B|2|00|0|00000001||
001C|2|00|0|00000001||
001D|1|00|0|00000003||
001E|1|00|0|00000001||
001F|1|00|0|00000001||
0020|2|00|0|00000001||
0021|2|00|0|00000001||
0022|2|0C|1|00000001||
0023|2|00|0|00000001||
0024|2|00|0|00000001||
0025|2|00|0|00000001|BoughtTrickysBall|separate from HaveTrickysBall
0026|2|00|0|00000001||
0027|2|28|1|00000001||
0028|2|00|0|00000001||
0029|0|00|0|00000001||
002A|2|27|1|00000001||
002B|2|00|0|00000001||
002C|2|00|0|00000001||
002D|2|0B|1|00000001|HaveFireballSpell|
002E|2|00|0|00000001||
002F|2|00|0|00000001||
0030|2|00|0|00000001||
0031|0|00|0|00000001||
0032|2|00|0|00000001||
0033|2|00|0|00000001||
0034|2|00|0|00000001||
0035|2|00|0|00000001||
0036|0|00|0|00000001||
0037|0|00|0|00000001||
0038|2|00|0|00000001||
0039|2|00|0|00000001||
003A|2|00|0|00000001||
003B|2|00|0|00000001||
003C|0|00|0|00000001||
003D|0|00|0|00000001||
003E|1|00|0|00000001||
003F|0|00|0|00000001||
0040|2|00|0|00000001|HaveSharpClawDisguise|
0041|1|52|1|00000001||
0042|0|00|0|00000001||
0043|2|55|1|00000001||
0044|1|00|0|00000001||
0045|1|00|0|00000001||
0046|1|00|0|00000001||
0047|1|00|0|00000001||
0048|2|00|0|00000001||
0049|0|00|0|00000001||
004A|1|00|0|00000001||
004B|2|00|0|0000000F||
004C|2|00|0|00000001||
004D|2|00|0|00000001||
004E|2|00|0|00000001||
004F|2|00|0|00000001||
0050|2|00|0|00000001||
0051|2|00|0|00000001||
0052|2|00|0|00000001||
0053|2|00|0|00000001||
0054|2|00|0|00000001||
0055|2|00|0|00000001||
0056|2|00|0|00000001||
0057|2|54|1|00000001||
0058|1|00|0|00000001||
0059|1|00|0|00000001||
005A|1|00|0|00000001||
005B|2|00|0|00000001||
005C|2|00|0|00000001||
005D|2|00|0|00000001||
005E|0|00|0|00FFFFFF||
005F|2|00|0|00000001||
0060|2|00|0|00000001||
0061|0|00|0|00000001||
0062|1|00|0|00000001||
0063|1|00|0|00000001||
0064|1|00|0|00000001||
0065|1|00|0|00000001||
0066|0|00|0|00000001||
0067|1|00|0|00000001||
0068|1|00|0|00000001||
0069|1|00|0|00000001||
006A|1|00|0|00000001||
006B|1|00|0|00000001||
006C|1|00|0|00000001||
006D|2|00|0|00000001||
006E|2|00|0|00000001||
006F|2|00|0|00000001||
0070|2|11|1|00000001||
0071|2|00|0|00000001||
0072|2|00|0|00000001||
0073|1|00|0|00000001||
0074|1|00|0|00000001||
0075|1|00|0|00000001|HaveStaff|
0076|1|00|0|00000001||
0077|1|00|0|00000001||
0078|2|00|0|00000001||
0079|1|00|0|00000001||
007A|2|00|0|00000001||
007B|2|00|0|00000001||
007C|2|00|0|00000001||
007D|0|00|0|00000001||
007E|0|00|0|00000001||
007F|0|00|0|00000001||
0080|0|00|0|00000001||
0081|2|00|0|00000001||
0082|2|00|0|00000001||
0083|2|00|0|00000001||
0084|2|00|0|00000001||
0085|2|00|0|00000001||
0086|2|00|0|00000001||
0087|2|00|0|00000001||
0088|2|00|0|00000001||
0089|2|00|0|00000001||
008A|2|00|0|00000001||
008B|2|00|0|00000001||
008C|0|00|0|000000FF||
008D|2|00|0|00000001||
008E|2|00|0|00000001||
008F|2|00|0|00000001||
0090|2|00|0|00000001||
0091|2|00|0|00000001||
0092|1|00|0|00000001||
0093|1|00|0|00000001||
0094|2|00|0|00000001||
0095|0|00|0|00000001|Always1|used for always-available shop items
0096|0|00|0|00000001|Always0|used for never-available (unused) shop items
0097|2|00|0|00000001||
0098|2|00|0|00000001||
0099|1|00|0|00000001||
009A|0|00|0|00000001||
009B|0|00|0|00000001||
009C|0|00|0|00000001||
009D|0|00|0|00000001||
009E|2|00|0|00000001||
009F|0|00|0|00000001||
00A0|1|00|0|00000001||
00A1|2|00|0|00000001||
00A2|1|00|0|00000001||
00A3|1|00|0|00000001||
00A4|1|00|0|00000001||
00A5|0|00|0|00000001||
00A6|2|00|0|00000001||
00A7|0|00|0|00000001||
00A8|2|00|0|00000001||
00A9|2|00|0|00000003||
00AA|2|00|0|00000001||
00AB|0|00|0|00000001||
00AC|2|00|0|00000001||
00AD|2|00|0|00000001||
00AE|1|00|0|00000001||
00AF|1|00|0|00000001||
00B0|1|00|0|00000001||
00B1|0|00|0|00000001||
00B2|0|00|0|00000001||
00B3|0|00|0|00000001||
00B4|2|00|0|00000001||
00B5|0|00|0|00000001||
00B6|0|00|0|00000001||
00B7|0|00|0|00000001||
00B8|0|00|0|00000001||
00B9|0|00|0|00000001||
00BA|0|00|0|00000001||
00BB|0|00|0|00000001||
00BC|0|00|0|00000001||
00BD|2|00|0|00000001||
00BE|1|00|0|00000001||
00BF|2|1A|1|00000001||
00C0|0|00|0|00000001||
00C1|2|00|0|0000000F|NumTrickyFoods|Number of Tricky foods (GrubTub Fungus)
00C2|2|00|0|00000007||
00C3|2|17|1|00000001||
00C4|1|00|0|00000001||
00C5|1|00|0|00000001||
00C6|1|00|0|00000001||
00C7|2|00|0|00000001||
00C8|1|00|0|00000001||
00C9|2|00|0|00000001||
00CA|2|00|0|00000001||
00CB|2|00|0|00000001||
00CC|2|00|0|00000001||
00CD|2|00|0|00000001||
00CE|2|00|0|00000001||
00CF|0|00|0|00000001||
00D0|2|00|0|00000001||
00D1|2|00|0|00000001||
00D2|2|00|0|00000001||
00D3|2|00|0|00000001||
00D4|2|00|0|00000001||
00D5|1|00|0|0000000F||
00D6|2|00|0|00000001||
00D7|2|00|0|00000001||
00D8|2|00|0|00000001||
00D9|2|00|0|00000001||
00DA|2|00|0|00000001||
00DB|2|00|0|00000001||
00DC|2|00|0|00000001||
00DD|2|14|1|00000001||
00DE|2|00|0|00000001||
00DF|1|00|0|0000000F||
00E0|1|00|0|0000000F||
00E1|2|00|0|0000000F||
00E2|1|00|0|0000000F||
00E3|2|00|0|0000000F||
00E4|1|00|0|0000000F||
00E5|1|00|0|0000000F||
00E6|1|00|0|0000000F||
00E7|1|00|0|0000000F||
00E8|1|00|0|0000000F||
00E9|1|00|0|0000000F||
00EA|1|00|0|0000000F||
00EB|1|00|0|0000000F||
00EC|2|00|0|00000001||
00ED|1|00|0|0000000F||
00EE|2|00|0|0000000F||
00EF|1|00|0|0000000F||
00F0|1|00|0|0000000F||
00F1|2|00|0|00000001||
00F2|2|00|0|00000001||
00F3|2|00|0|00000001||
00F4|2|00|0|00000001||
00F5|1|00|0|00000001||
00F6|0|00|0|00000001||
00F7|0|00|0|00000001||
00F8|0|00|0|00000001||
00F9|0|00|0|00000001||
00FA|0|00|0|00000001||
00FB|0|00|0|00000001||
00FC|1|00|0|00000001||
00FD|0|00|0|00000001||
00FE|2|00|0|00000001||
00FF|2|6F|1|00000001||
0100|2|00|0|00000001||
0101|2|00|0|00000001||
0102|2|23|1|00000001||
0103|1|00|0|00000001||
0104|1|00|0|00000001||
0105|2|00|0|00000001||
0106|2|00|0|00000001||
0107|2|40|1|00000001|HaveGroundQuake|
0108|0|00|0|00000001||
0109|0|00|0|00000001||
010A|0|00|0|00000001||
010B|0|00|0|00000001||
010C|0|00|0|00000001||
010D|0|00|0|00000001||
010E|0|00|0|00000001||
010F|0|00|0|00000001||
0110|0|00|0|00000001||
0111|2|00|0|00000001||
0112|2|00|0|00000001||
0113|2|00|0|00000001||
0114|2|00|0|00000001||
0115|1|00|0|00000001||
0116|2|00|0|00000001||
0117|0|00|0|00000001||
0118|0|00|0|00000001||
0119|2|00|0|00000001||
011A|2|00|0|00000001||
011B|0|00|0|00000001||
011C|0|00|0|00000001||
011D|0|00|0|00000001||
011E|0|00|0|00000001||
011F|0|00|0|00000001||
0120|2|00|0|00000001||
0121|2|00|0|00000001||
0122|2|00|0|00000001||
0123|2|35|1|00000001|HaveFireSpellStone1|
0124|2|00|0|00000001||
0125|0|00|0|00000001||
0126|0|00|0|00000001||
0127|0|00|0|00000001||
0128|0|00|0|00000001||
0129|0|00|0|00000001||
012A|0|00|0|00000001||
012B|0|00|0|00000001||
012C|0|00|0|00000001||
012D|0|00|0|00000001||
012E|0|00|0|00000001||
012F|2|00|0|FFFFFFFF||
0130|2|00|0|FFFFFFFF||
0131|2|00|0|FFFFFFFF||
0132|2|00|0|FFFFFFFF||
0133|2|00|0|FFFFFFFF||
0134|2|00|0|FFFFFFFF||
0135|2|00|0|FFFFFFFF||
0136|2|00|0|FFFFFFFF||
0137|0|00|0|00000001||
0138|2|00|0|00000001||
0139|2|00|0|00000001||
013A|2|00|0|00000001||
013B|2|00|0|00000001||
013C|2|00|0|00000001||
013D|2|00|0|0000001F|NumFireflies|
013E|2|1D|1|00000001|HaveFireflyLantern|
013F|1|83|1|00000001||
0140|2|00|0|00000001||
0141|2|00|0|00000001||
0142|2|00|0|00000001||
0143|0|00|0|00000001||
0144|1|00|0|0000000F||
0145|3|00|0|FFFFFFFF||
0146|0|00|0|00000001||
0147|2|00|0|00000001||
0148|0|00|0|00000001||
0149|0|00|0|00000001||
014A|0|00|0|00000001||
014B|0|00|0|00000001||
014C|0|00|0|00000001||
014D|0|00|0|00000001||
014E|0|00|0|00000001||
014F|0|00|0|00000001||
0150|0|00|0|00000001||
0151|0|00|0|00000001||
0152|0|00|0|00000001||
0153|0|00|0|00000001||
0154|0|00|0|00000001||
0155|2|00|0|00000001||
0156|2|00|0|00000001||
0157|0|00|0|00000001||
0158|2|00|0|00000001||
0159|2|00|0|00000001||
015A|2|00|0|00000001||
015B|2|00|0|00000001||
015C|2|9E|1|00000001||
015D|0|00|0|00000001||
015E|2|00|0|00000001||
015F|0|00|0|00000001||
0160|2|00|0|00000001||
0161|2|00|0|00000001||
0162|2|5E|1|00000001||
0163|2|00|0|00000001||
0164|2|00|0|00000001||
0165|2|00|0|00000001||
0166|2|00|0|00000001||
0167|2|00|0|00000001||
0168|2|00|0|00000001||
0169|3|00|0|00000001||
016A|0|00|0|00000001||
016B|0|00|0|00000001||
016C|0|00|0|00000001||
016D|2|00|0|00000001||
016E|2|00|0|00000001||
016F|2|00|0|00000001||
0170|2|00|0|00000003||
0171|0|00|0|00000001||
0172|2|00|0|00000001||
0173|2|00|0|00000001||
0174|2|B2|1|00000001||
0175|0|00|0|00000001||
0176|0|00|0|00000001||
0177|2|00|0|00000001||
0178|0|00|0|00000001||
0179|2|00|0|00000001||
017A|2|00|0|00000001||
017B|2|00|0|00000001||
017C|2|00|0|00000001||
017D|2|00|0|00000001||
017E|2|00|0|00000001||
017F|2|00|0|00000001||
0180|2|00|0|00000001||
0181|2|00|0|00000001||
0182|2|00|0|00000001||
0183|2|00|0|00000001||
0184|2|00|0|00000001||
0185|2|00|0|00000001||
0186|2|00|0|00000001|LoadTrickyBadge|
0187|2|00|0|00000001||
0188|2|00|0|00000001||
0189|2|00|0|00000001||
018A|2|00|0|00000001||
018B|2|0A|1|00000001|StaffRelated018B|
018C|2|00|0|00000001||
018D|2|00|0|00000001||
018E|2|00|0|00000001||
018F|2|00|0|00000001||
0190|2|00|0|00000001||
0191|2|00|0|00000001||
0192|2|00|0|00000001||
0193|2|36|1|00000001||
0194|2|00|0|00000003||
0195|2|00|0|00000001||
0196|2|00|0|00000001||
0197|2|00|0|00000001||
0198|2|00|0|00000001||
0199|2|00|0|00000001||
019A|2|00|0|00000001||
019B|0|00|0|00000001||
019C|2|A4|1|00000001||
019D|2|00|0|00000001||
019E|3|00|0|00000001||
019F|2|00|0|00000001||
01A0|2|00|0|00000001||
01A1|1|00|0|00000001||
01A2|2|85|1|00000001|BoughtSnowHornArtifact|
01A3|2|86|1|00000001||
01A4|2|00|0|00000001||
01A5|2|00|0|00000001||
01A6|2|00|0|00000001||
01A7|0|00|0|00000001||
01A8|0|00|0|00000001||
01A9|2|00|0|00000001||
01AA|2|00|0|00000001||
01AB|2|00|0|00000001||
01AC|2|00|0|00000001||
01AD|2|0D|1|00000001||
01AE|2|00|0|00000001||
01AF|2|00|0|00000001||
01B0|2|00|0|00000001||
01B1|2|00|0|00000001||
01B2|2|00|0|00000001||
01B3|0|00|0|00000001||
01B4|2|00|0|00000001||
01B5|2|00|0|00000001||
01B6|2|00|0|00000001||
01B7|2|00|0|00000001||
01B8|2|00|0|000000FF|MapId01B8|destination map ID of some warp - dimhornplinth, clouddungeon, kraztest, kamdrag
01B9|0|00|0|00000001||
01BA|0|00|0|00000001||
01BB|2|00|0|00000001||
01BC|2|00|0|00000001||
01BD|2|00|0|00000001||
01BE|2|00|0|000000FF|MoneyGiveScarabs|Money (in Give Scarabs option)
01BF|2|00|0|00000001||
01C0|1|00|0|00000001||
01C1|2|00|0|00000001||
01C2|2|00|0|00000001||
01C3|2|4E|1|00000001||
01C4|2|49|1|00000001||
01C5|2|00|0|00000001||
01C6|0|00|0|00000001||
01C7|0|00|0|00000001||
01C8|0|00|0|00000001||
01C9|0|00|0|00000001||
01CA|0|00|0|00000001||
01CB|0|00|0|00000001||
01CC|0|00|0|00000001||
01CD|0|00|0|00000001||
01CE|0|00|0|00000001||
01CF|0|00|0|00000001||
01D0|3|00|0|00000001||
01D1|1|00|0|00000001||
01D2|0|00|0|00000001||
01D3|0|00|0|00000001||
01D4|0|00|0|00000001||
01D5|0|00|0|00000001||
01D6|3|00|0|00000001||
01D7|2|00|0|00000001||
01D8|0|00|0|00000001||
01D9|2|00|0|00000001||
01DA|2|00|0|00000001||
01DB|2|00|0|00000001||
01DC|2|00|0|00000001||
01DD|1|00|0|00000001||
01DE|0|00|0|00000001||
01DF|1|30|1|00000001||
01E0|2|00|0|00000001||
01E1|2|00|0|00000001||
01E2|2|00|0|00000001||
01E3|2|00|0|00000001||
01E4|2|00|0|00000001||
01E5|2|2B|1|00000001||
01E6|1|00|0|00000001||
01E7|0|00|0|00000001||
01E8|2|00|0|00000001||
01E9|2|00|0|00000001||
01EA|2|00|0|00000001||
01EB|2|00|0|00000001||
01EC|2|00|0|00000001||
01ED|3|00|0|00000001||
01EE|2|2C|1|00000001|HaveDinosaurHorn|
01EF|2|00|0|00000001||
01F0|2|00|0|00000001||
01F1|2|00|0|00000001||
01F2|2|00|0|00000001||
01F3|2|00|0|00000001||
01F4|2|00|0|00000001||
01F5|2|00|0|00000001||
01F6|0|00|0|00000001||
01F7|0|00|0|00000001||
01F8|2|00|0|00000001||
01F9|1|00|0|00000001||
01FA|2|2D|1|00000001||
01FB|2|00|0|00000001||
01FC|2|47|1|00000001||
01FD|2|00|0|00000001||
01FE|2|00|0|00000001||
01FF|2|00|0|00000001||
0200|2|00|0|00000001||
0201|2|00|0|00000001||
0202|2|00|0|00000001||
0203|2|00|0|00000001||
0204|1|00|0|00000001||
0205|2|00|0|00000001||
0206|1|00|0|00000001||
0207|2|00|0|00000001||
0208|2|00|0|00000001||
0209|2|00|0|00000001||
020A|1|00|0|00000001||
020B|0|00|0|00000001||
020C|0|00|0|0000000F||
020D|0|00|0|00000001||
020E|0|00|0|00000001||
020F|0|00|0|00000001||
0210|2|00|0|00000001||
0211|2|00|0|00000001||
0212|1|50|1|00000001||
0213|2|00|0|00000001||
0214|1|00|0|00000001||
0215|2|00|0|00000001||
0216|2|00|0|00000001||
0217|2|00|0|00000001||
0218|2|00|0|00000001||
0219|2|00|0|00000001||
021A|2|00|0|00000001||
021B|1|00|0|00000001||
021C|1|00|0|00000001||
021D|1|00|0|00000001||
021E|1|00|0|00000001||
021F|1|00|0|00000001||
0220|0|00|0|00000001||
0221|1|00|0|00000001||
0222|1|00|0|00000001||
0223|2|2E|1|00000001||
0224|2|00|0|00000001||
0225|2|00|0|00000001||
0226|1|00|0|00000001||
0227|0|00|0|00000001||
0228|2|00|0|00000001||
0229|1|00|0|0000000F||
022A|0|00|0|00000001||
022B|2|00|0|00000001||
022C|2|00|0|00000001||
022D|2|00|0|00000001||
022E|0|00|0|00000001||
022F|2|00|0|00000001||
0230|2|00|0|00000001||
0231|0|00|0|00000001||
0232|0|00|0|00000001||
0233|2|00|0|00000001||
0234|0|00|0|00000001||
0235|2|A7|1|00000001||
0236|2|00|0|00000001||
0237|2|00|0|00000001||
0238|0|00|0|00000001||
0239|2|00|0|00000001||
023A|1|00|0|00000001||
023B|2|00|0|00000001||
023C|2|00|0|00000001||
023D|1|00|0|00000001||
023E|2|00|0|00000001||
023F|2|00|0|00000001||
0240|2|00|0|00000001||
0241|0|00|0|00000001||
0242|2|00|0|00000001||
0243|2|00|0|00000001||
0244|2|00|0|00000001||
0245|2|00|0|00000001||
0246|2|00|0|00000001||
0247|2|00|0|00000001||
0248|2|00|0|00000001||
0249|2|00|0|00000001||
024A|2|00|0|00000001||
024B|2|00|0|00000001||
024C|0|00|0|00000001||
024D|0|00|0|00000001||
024E|2|00|0|00000001||
024F|1|00|0|00000001||
0250|1|00|0|00000001||
0251|1|00|0|00000001||
0252|1|00|0|00000001||
0253|1|00|0|00000001||
0254|2|00|0|00000001||
0255|2|00|0|00000001||
0256|2|00|0|00000001||
0257|1|00|0|00000001||
0258|1|00|0|00000001||
0259|1|00|0|00000001||
025A|2|00|0|00000001||
025B|2|00|0|00000001||
025C|2|00|0|00000001||
025D|2|00|0|00000001||
025E|0|00|0|00000001||
025F|1|00|0|00000001||
0260|0|00|0|00000001||
0261|0|00|0|00000001||
0262|0|00|0|00000001||
0263|0|00|0|00000001||
0264|2|00|0|00000001||
0265|2|00|0|00000001||
0266|0|00|0|00000001||
0267|0|00|0|00000001||
0268|0|00|0|00000001||
0269|0|00|0|00000001||
026A|0|00|0|00000001||
026B|0|00|0|00000001||
026C|2|00|0|00000001||
026D|2|00|0|00000001||
026E|2|00|0|00000001||
026F|2|00|0|00000001||
0270|2|00|0|00000001||
0271|2|00|0|00000001||
0272|2|00|0|00000001||
0273|2|00|0|00000001||
0274|1|00|0|00000001||
0275|2|00|0|00000001||
0276|2|00|0|00000001||
0277|1|00|0|00000001||
0278|2|00|0|00000001||
0279|2|00|0|00000001||
027A|2|00|0|00000001||
027B|2|00|0|00000001||
027C|2|00|0|00000001||
027D|2|00|0|00000001||
027E|2|00|0|00000001||
027F|2|00|0|00000001||
0280|2|00|0|00000001||
0281|2|00|0|00000001||
0282|2|00|0|00000001||
0283|2|00|0|00000001||
0284|2|00|0|00000001||
0285|2|00|0|00000001||
0286|2|00|0|00000001||
0287|2|00|0|00000001||
0288|2|00|0|00000001||
0289|2|00|0|00000001||
028A|2|00|0|00000001||
028B|2|00|0|00000001||
028C|2|00|0|00000001||
028D|0|00|0|00000001||
028E|0|00|0|00000001||
028F|0|00|0|00000001||
0290|1|00|0|00000001||
0291|2|00|0|00000001||
0292|2|00|0|00000001||
0293|0|00|0|00000001||
0294|0|00|0|00000001||
0295|2|00|0|00000001||
0296|2|00|0|00000001||
0297|1|00|0|00000001||
0298|1|00|0|00000001||
0299|2|00|0|00000001||
029A|2|48|1|00000001||
029B|2|00|0|00000001||
029C|0|00|0|00000001||
029D|0|00|0|00000001||
029E|0|00|0|00000001||
029F|0|00|0|00000001||
02A0|0|00|0|00000001||
02A1|0|00|0|00000001||
02A2|0|00|0|00000001||
02A3|0|00|0|00000001||
02A4|0|00|0|00000001||
02A5|2|00|0|00000001||
02A6|1|00|0|00000001||
02A7|1|00|0|00000001||
02A8|1|00|0|00000001||
02A9|1|00|0|00000001||
02AA|0|00|0|00000001||
02AB|0|00|0|00000001||
02AC|0|00|0|00000001||
02AD|0|00|0|00000001||
02AE|0|00|0|00000001||
02AF|0|00|0|00000001||
02B0|2|00|0|00000001||
02B1|1|00|0|00000001||
02B2|2|00|0|00000001||
02B3|0|00|0|00000001||
02B4|2|00|0|00000001||
02B5|2|66|1|00000001||
02B6|2|00|0|0000FFFF||
02B7|2|00|0|0000FFFF||
02B8|0|00|0|00000001||
02B9|2|00|0|00000001||
02BA|3|00|0|000000FF|Envfx02BA|related to player envfx
02BB|2|00|0|00000001||
02BC|0|00|0|00000001||
02BD|0|00|0|00000001||
02BE|1|00|0|00000001||
02BF|0|00|0|00000001||
02C0|2|00|0|00000001||
02C1|0|00|0|00000001||
02C2|2|00|0|00000001||
02C3|2|2F|1|00000001||
02C4|0|00|0|00000001||
02C5|1|00|0|00000001||
02C6|2|00|0|00000001||
02C7|2|00|0|00000001||
02C8|0|00|0|00000001||
02C9|2|00|0|00000001||
02CA|2|00|0|00000001||
02CB|2|00|0|0000FFFF||
02CC|2|00|0|0000FFFF||
02CD|2|00|0|00000001||
02CE|2|00|0|00000001||
02CF|2|00|0|00000001||
02D0|2|67|1|00000001||
02D1|2|00|0|00000001||
02D2|2|00|0|00000001||
02D3|1|00|0|00000001||
02D4|2|00|0|00000001||
02D5|2|00|0|00000001||
02D6|1|00|0|00000001||
02D7|2|00|0|0000FFFF||
02D8|2|00|0|0000FFFF||
02D9|0|00|0|00000001||
02DA|2|00|0|00000001||
02DB|0|00|0|00000001||
02DC|2|00|0|00000001||
02DD|0|00|0|00000001||
02DE|1|00|0|00000001||
02DF|1|00|0|00000001||
02E0|1|00|0|00000001||
02E1|2|00|0|00000001||
02E2|0|00|0|00000001||
02E3|0|00|0|00000001||
02E4|0|00|0|00000001||
02E5|0|00|0|00000001||
02E6|2|00|0|00000001||
02E7|2|68|1|00000001||
02E8|2|5C|1|00000001|HaveWaterSpellStone1|
02E9|0|00|0|00000001||
02EA|1|00|0|00000001||
02EB|2|00|0|00000001||
02EC|2|00|0|00000001||
02ED|1|00|0|00000001||
02EE|0|00|0|00000001||
02EF|2|00|0|00000001||
02F0|1|00|0|00000001||
02F1|1|00|0|00000001||
02F2|1|00|0|00000001||
02F3|1|00|0|00000001||
02F4|1|00|0|00000001||
02F5|0|00|0|00000001||
02F6|0|00|0|00000001||
02F7|0|00|0|00000001||
02F8|2|00|0|00000001||
02F9|1|00|0|00000001||
02FA|0|00|0|00000001||
02FB|1|00|0|00000001||
02FC|1|00|0|00000001||
02FD|1|00|0|00000001||
02FE|1|00|0|00000001||
02FF|1|00|0|00000001||
0300|1|00|0|00000001||
0301|1|00|0|00000001||
0302|1|00|0|00000001||
0303|2|00|0|00000001||
0304|2|00|0|00000001||
0305|2|00|0|00000001||
0306|1|00|0|00000001||
0307|1|00|0|00000001||
0308|1|00|0|00000001||
0309|1|00|0|00000001||
030A|2|00|0|00000001||
030B|1|00|0|00000001||
030C|1|00|0|00000001||
030D|1|00|0|00000001||
030E|1|00|0|00000001||
030F|1|00|0|00000001||
0310|1|00|0|00000001||
0311|0|00|0|00000001||
0312|0|00|0|00000001||
0313|0|00|0|00000001||
0314|1|00|0|00000001||
0315|1|00|0|00000001||
0316|2|08|1|00000001||
0317|1|00|0|00000001||
0318|1|00|0|00000001||
0319|0|00|0|00000001||
031A|0|00|0|00000001||
031B|0|00|0|00000001||
031C|1|00|0|00000001||
031D|0|00|0|00000001||
031E|0|00|0|00000001||
031F|1|00|0|00000001||
0320|1|00|0|00000001||
0321|1|00|0|00000001||
0322|0|00|0|00000001||
0323|1|00|0|00000001||
0324|1|00|0|00000001||
0325|1|00|0|00000001||
0326|1|00|0|00000001||
0327|1|00|0|00000001||
0328|1|00|0|00000001||
0329|1|00|0|00000001||
032A|1|00|0|00000001||
032B|1|00|0|00000001||
032C|1|00|0|00000001||
032D|1|00|0|00000001||
032E|0|00|0|00000001||
032F|1|00|0|00000001||
0330|1|00|0|00000001||
0331|1|00|0|00000001||
0332|1|00|0|00000001||
0333|1|00|0|00000001||
0334|1|00|0|00000001||
0335|2|00|0|00000001||
0336|1|00|0|00000001||
0337|1|00|0|00000001||
0338|2|00|0|00000001||
0339|1|00|0|00000001||
033A|1|00|0|00000001||
033B|0|00|0|00000001||
033C|0|00|0|00000001||
033D|1|00|0|00000001||
033E|1|00|0|00000001||
033F|1|00|0|00000001||
0340|1|00|0|00000001||
0341|2|00|0|00000001||
0342|0|00|0|00000001||
0343|0|00|0|00000001||
0344|0|00|0|00000001||
0345|0|00|0|00000001||
0346|0|00|0|00000001||
0347|1|00|0|00000001||
0348|2|00|0|00000001||
0349|1|00|0|0000000F||
034A|2|00|0|00000001||
034B|1|00|0|00000001||
034C|1|00|0|00000001||
034D|1|00|0|00000001||
034E|1|00|0|00000001||
034F|1|00|0|00000001||
0350|1|00|0|00000001||
0351|2|00|0|00000001||
0352|1|00|0|00000001||
0353|2|00|0|00000001||
0354|2|00|0|00000001||
0355|2|00|0|00000001||
0356|1|00|0|00000001||
0357|1|00|0|00000001||
0358|1|00|0|00000001||
0359|2|00|0|00000001||
035A|1|00|0|00000001||
035B|1|00|0|00000001||
035C|1|00|0|00000001||
035D|1|00|0|00000001||
035E|1|00|0|00000001||
035F|2|00|0|00000001||
0360|2|00|0|00000001||
0361|1|00|0|00000001||
0362|1|00|0|00000001||
0363|0|00|0|00000001||
0364|0|00|0|00000001||
0365|0|00|0|00000001||
0366|1|00|0|00000001||
0367|0|00|0|00000001||
0368|0|00|0|00000001||
0369|0|00|0|00000001||
036A|3|00|0|FFFFFFFF||
036B|0|00|0|00000001||
036C|0|00|0|00000001||
036D|0|00|0|00000001||
036E|2|00|0|00000001||
036F|2|00|0|00000001||
0370|0|00|0|00000001||
0371|2|00|0|00000001||
0372|3|00|0|00000001||
0373|3|00|0|FFFFFFFF||
0374|2|00|0|00000001||
0375|2|00|0|00000001||
0376|2|00|0|00000001||
0377|2|00|0|00000001||
0378|1|00|0|00000001||
0379|2|00|0|00000001||
037A|2|12|1|00000001||
037B|2|00|0|00000001||
037C|2|00|0|00000001||
037D|2|00|0|00000001||
037E|2|00|0|00000001||
037F|2|00|0|00000001||
0380|2|00|0|00000001||
0381|2|00|0|00000001||
0382|2|00|0|00000001||
0383|2|00|0|00000001||
0384|2|00|0|00000001||
0385|2|00|0|00000001||
0386|2|00|0|00000001||
0387|2|00|0|00000001||
0388|1|00|0|00000001||
0389|2|00|0|00000001||
038A|2|00|0|00000001||
038B|2|00|0|00000001||
038C|2|00|0|00000001||
038D|1|00|0|00000001||
038E|1|00|0|00000001||
038F|1|00|0|00000001||
0390|3|00|0|00000001||
0391|0|00|0|00000001||
0392|2|00|0|00000001||
0393|3|00|0|00000001||
0394|3|00|0|00000001||
0395|0|00|0|00000001||
0396|1|00|0|00000001||
0397|3|00|0|FFFFFFFF||
0398|2|00|0|00000001||
0399|1|00|0|00000001||
039A|1|00|0|00000001||
039B|1|00|0|00000001||
039C|1|00|0|00000001||
039D|1|00|0|00000001||
039E|1|00|0|00000001||
039F|0|00|0|00000001||
03A0|3|00|0|00000001||
03A1|3|00|0|00000001||
03A2|1|00|0|00000001||
03A3|1|00|0|00000001||
03A4|1|00|0|00000001||
03A5|1|00|0|00000001||
03A6|1|00|0|00000001||
03A7|1|00|0|00000001||
03A8|3|00|0|00000001||
03A9|3|00|0|00000001||
03AA|2|00|0|00000001||
03AB|3|00|0|00000001||
03AC|3|00|0|00000001||
03AD|3|00|0|FFFFFFFF||
03AE|2|00|0|00000001||
03AF|3|00|0|00000001||
03B0|3|00|0|00000001|Envfx03B0|related to envfx
03B1|1|00|0|00000001||
03B2|1|00|0|00000001||
03B3|1|00|0|00000001||
03B4|1|00|0|00000001||
03B5|1|00|0|00000001||
03B6|1|00|0|00000001||
03B7|3|00|0|FFFFFFFF||
03B8|2|00|0|00000001||
03B9|1|00|0|00000001||
03BA|2|00|0|00000001||
03BB|1|00|0|00000001||
03BC|1|00|0|00000001||
03BD|1|00|0|00000001||
03BE|1|00|0|00000001||
03BF|1|00|0|00000001||
03C0|1|00|0|00000001||
03C1|0|00|0|00000001||
03C2|2|00|0|00000001||
03C3|0|00|0|00000001||
03C4|1|00|0|00000001||
03C5|1|00|0|00000001||
03C6|1|00|0|00000001||
03C7|1|00|0|00000001||
03C8|1|00|0|00000001||
03C9|1|00|0|00000001||
03CA|1|00|0|00000007||
03CB|1|00|0|00000001||
03CC|1|00|0|00000001||
03CD|1|00|0|00000001||
03CE|1|00|0|00000001||
03CF|2|2A|1|00000001||
03D0|0|00|0|00000001||
03D1|1|00|0|00000001||
03D2|0|00|0|00000001||
03D3|2|00|0|00000001||
03D4|2|00|0|00000001||
03D5|2|00|0|00000001||
03D6|2|00|0|00000001||
03D7|2|00|0|00000001||
03D8|0|00|0|00000001||
03D9|1|00|0|00000001||
03DA|1|00|0|00000001||
03DB|1|00|0|00000001||
03DC|0|00|0|00000001||
03DD|2|00|0|00000001||
03DE|2|00|0|00000001||
03DF|2|00|0|00000001||
03E0|3|00|0|FFFFFFFF||
03E1|1|00|0|00000001||
03E2|0|00|0|00000001||
03E3|0|00|0|00000001|SnowHorn03E3|related to riding SnowHorn
03E4|2|00|0|00000001||
03E5|2|00|0|00000001||
03E6|2|00|0|00000001||
03E7|2|00|0|00000001||
03E8|0|00|0|00000001||
03E9|0|00|0|00000001||
03EA|2|00|0|00000001||
03EB|2|00|0|00000001||
03EC|1|00|0|00000001||
03ED|2|00|0|00000001||
03EE|1|00|0|0000000F||
03EF|2|00|0|00000001||
03F0|2|00|0|00000007||
03F1|0|00|0|00000001||
03F2|1|00|0|00000001||
03F3|1|00|0|00000001||
03F4|2|4B|1|00000001||
03F5|2|00|0|000000FF|NumFuelCells|
03F6|0|00|0|00000001||
03F7|0|00|0|00000001||
03F8|2|00|0|00000001||
03F9|2|24|1|00000001|WorldMapDarkIce|unlocked DarkIce Mines on world map
03FA|2|4F|1|00000001|WorldMapCloudFort|unlocked CloudRunner Fortress on world map
03FB|2|73|1|00000001|WorldMapWallCity|unlocked Walled City on world map
03FC|2|8C|1|00000001|WorldMapDragRock|unlocked Dragon Rock on world map
03FD|2|00|0|00000001||
03FE|1|00|0|00000001||
03FF|1|00|0|00000001||
0400|1|00|0|00000001||
0401|1|00|0|00000001||
0402|1|00|0|00000001||
0403|1|00|0|00000001||
0404|1|00|0|00000001||
0405|3|00|0|FFFFFFFF||
0406|1|00|0|00000001||
0407|1|00|0|00000001||
0408|1|00|0|00000001||
0409|0|00|0|00000001||
040A|2|00|0|00000001||
040B|2|00|0|00000001||
040C|1|00|0|00000001||
040D|1|00|0|00000001||
040E|1|00|0|00000001||
040F|2|00|0|00000001||
0410|2|00|0|00000001||
0411|1|00|0|00000001||
0412|1|00|0|00000001||
0413|1|00|0|00000001||
0414|1|00|0|00000001||
0415|1|00|0|00000001||
0416|2|00|0|00000001||
0417|2|00|0|00000001||
0418|2|00|0|00000001||
0419|2|00|0|00000001||
041A|2|00|0|00000001||
041B|2|00|0|00000001||
041C|2|00|0|00000001||
041D|2|00|0|00000001||
041E|2|00|0|00000001||
041F|1|00|0|00000001||
0420|1|00|0|00000001||
0421|3|00|0|FFFFFFFF||
0422|1|00|0|00000001||
0423|1|00|0|00000001||
0424|1|00|0|00000001||
0425|1|00|0|00000001||
0426|1|00|0|00000001||
0427|1|00|0|00000001||
0428|1|00|0|0000000F||
0429|2|00|0|00000001||
042A|1|00|0|00000001||
042B|0|00|0|00000001||
042C|2|00|0|00000001||
042D|0|00|0|00000001||
042E|3|00|0|FFFFFFFF||
042F|0|00|0|00000001||
0430|0|00|0|00000001||
0431|1|00|0|00000001||
0432|1|00|0|00000001||
0433|1|00|0|00000001||
0434|2|00|0|00000001||
0435|1|00|0|00000001||
0436|1|00|0|00000001||
0437|1|00|0|00000001||
0438|1|00|0|00000001||
0439|1|00|0|00000001||
043A|1|00|0|00000001||
043B|1|00|0|00000001||
043C|1|00|0|00000001||
043D|1|00|0|00000001||
043E|1|00|0|00000001||
043F|1|00|0|00000001||
0440|1|00|0|00000001||
0441|1|00|0|00000001||
0442|0|00|0|00000001||
0443|3|00|0|FFFFFFFF||
0444|1|00|0|00000001||
0445|0|00|0|00000001||
0446|0|00|0|00000001||
0447|2|00|0|00000001||
0448|0|00|0|00000001||
0449|2|00|0|00000001||
044A|2|00|0|00000001||
044B|1|00|0|00000001||
044C|1|00|0|00000001||
044D|1|00|0|00000001||
044E|1|00|0|00000001||
044F|0|00|0|00000001||
0450|1|00|0|00000001||
0451|0|00|0|00000001||
0452|3|00|0|FFFFFFFF||
0453|2|37|1|00000001||
0454|1|00|0|00000001||
0455|1|00|0|00000001||
0456|2|00|0|00000001||
0457|2|00|0|00000001||
0458|3|00|0|FFFFFFFF||
0459|0|00|0|00000001||
045A|3|00|0|FFFFFFFF||
045B|1|00|0|00000001||
045C|2|00|0|00000001||
045D|2|00|0|00000001||
045E|2|00|0|00000001||
045F|2|00|0|00000001||
0460|2|00|0|00000001||
0461|2|00|0|00000001||
0462|2|00|0|00000001||
0463|2|00|0|00000001||
0464|2|00|0|00000001||
0465|2|00|0|00000001||
0466|0|00|0|00000001||
0467|0|00|0|00000001||
0468|0|00|0|00000001||
0469|0|00|0|00000001||
046A|0|00|0|00000001||
046B|1|00|0|00000001||
046C|1|00|0|00000001||
046D|2|00|0|0000000F||
046E|3|00|0|0000FFFF||
046F|0|00|0|00000001||
0470|0|00|0|00000001||
0471|0|00|0|00000001||
0472|0|00|0|00000001||
0473|3|00|0|FFFFFFFF||
0474|0|00|0|00000001||
0475|1|00|0|00000001||
0476|1|00|0|00000001||
0477|1|00|0|00000001||
0478|0|00|0|00000001||
0479|0|00|0|00000001||
047A|2|00|0|00000001||
047B|3|00|0|FFFFFFFF||
047C|3|00|0|FFFFFFFF||
047D|0|00|0|00000001||
047E|1|00|0|00000001||
047F|1|00|0|00000001||
0480|3|00|0|FFFFFFFF||
0481|0|00|0|00000001||
0482|0|00|0|00000001||
0483|0|00|0|00000001||
0484|2|00|0|00000001||
0485|2|00|0|00000001||
0486|2|00|0|00000001||
0487|2|00|0|00000001||
0488|1|00|0|000000FF||
0489|2|00|0|00000001||
048A|2|00|0|00000001||
048B|2|00|0|0000000F||
048C|2|00|0|00000001||
048D|2|00|0|00000001||
048E|2|00|0|00000001||
048F|2|00|0|00000001||
0490|2|00|0|00000001||
0491|2|00|0|00000001||
0492|1|00|0|0000000F||
0493|3|00|0|FFFFFFFF||
0494|2|00|0|00000001||
0495|2|00|0|00000001||
0496|2|00|0|00000001||
0497|1|00|0|00000001||
0498|1|00|0|00000001||
0499|1|00|0|00000001||
049A|1|00|0|00000001||
049B|1|57|1|00000001||
049C|1|00|0|00000001||
049D|1|00|0|00000001||
049E|1|00|0|00000001||
049F|1|00|0|00000001||
04A0|1|00|0|00000001||
04A1|0|00|0|00000001||
04A2|0|00|0|00000001||
04A3|3|00|0|FFFFFFFF||
04A4|1|00|0|00000001||
04A5|1|00|0|00000001||
04A6|3|00|0|FFFFFFFF||
04A7|0|00|0|00000001||
04A8|2|00|0|00000001||
04A9|1|00|0|00000001||
04AA|1|00|0|00000001||
04AB|1|00|0|00000001||
04AC|2|00|0|00000001||
04AD|1|00|0|00000001||
04AE|3|00|0|FFFFFFFF||
04AF|1|00|0|00000001||
04B0|0|00|0|00000001||
04B1|2|00|0|00000001||
04B2|2|00|0|00000001||
04B3|1|00|0|00000001||
04B4|1|00|0|00000001||
04B5|1|00|0|00000001||
04B6|1|00|0|00000001||
04B7|1|00|0|00000001||
04B8|1|00|0|00000001||
04B9|0|00|0|00000001||
04BA|1|00|0|00000001||
04BB|0|00|0|00000001||
04BC|0|00|0|00000001||
04BD|0|00|0|00000001||
04BE|1|00|0|00000001||
04BF|1|00|0|00000001||
04C0|2|00|0|00000001||
04C1|2|00|0|00000001||
04C2|1|00|0|00000001||
04C3|1|00|0|00000001||
04C4|1|00|0|00000001||
04C5|1|00|0|00000001||
04C6|1|00|0|00000001||
04C7|1|00|0|00000001||
04C8|1|00|0|00000001||
04C9|1|00|0|00000001||
04CA|1|00|0|00000001||
04CB|1|00|0|00000001||
04CC|1|00|0|00000001||
04CD|1|00|0|00000001||
04CE|1|00|0|00000003||
04CF|1|00|0|00000001||
04D0|2|00|0|00000001||
04D1|0|00|0|00000001||
04D2|2|00|0|00000001||
04D3|2|00|0|00000001||
04D4|2|00|0|00000001||
04D5|2|00|0|00000001||
04D6|2|00|0|00000001||
04D7|2|00|0|00000001||
04D8|2|00|0|00000001||
04D9|2|00|0|00000001||
04DA|1|00|0|00000001||
04DB|1|00|0|00000001||
04DC|1|00|0|00000001||
04DD|1|00|0|00000001||
04DE|1|00|0|00000001||
04DF|1|00|0|00000001||
04E0|1|00|0|00000001||
04E1|2|00|0|00000001||
04E2|3|00|0|0000FFFF||
04E3|0|00|0|000000FF|TrickyTalk|if < FF, can talk to Tricky, but he won't say anything
04E4|2|00|0|00000001|CanUseTricky|can use Tricky commands
04E5|2|00|0|00000001||
04E6|1|00|0|00000001||
04E7|2|00|0|00000001||
04E8|2|00|0|00000001||
04E9|2|3D|1|00000001||
04EA|2|00|0|00000001||
04EB|2|00|0|00000001||
04EC|2|00|0|00000001||
04ED|2|00|0|00000001||
04EE|2|00|0|00000001||
04EF|2|00|0|00000001||
04F0|3|00|0|00000001||
04F1|2|00|0|00000001||
04F2|2|00|0|00000001||
04F3|3|00|0|00000001||
04F4|2|00|0|00000001||
04F5|2|00|0|00000001||
04F6|2|00|0|00000001||
04F7|2|00|0|00000001||
04F8|2|00|0|00000001||
04F9|2|00|0|00000001||
04FA|2|80|1|00000001||
04FB|2|00|0|00000001||
04FC|2|00|0|00000001||
04FD|2|00|0|00000001||
04FE|2|00|0|0000000F||
04FF|2|00|0|00000001||
0500|3|00|0|FFFFFFFF||
0501|2|00|0|00000001||
0502|1|00|0|00000001||
0503|2|00|0|00000001||
0504|2|00|0|00000001||
0505|2|00|0|00000001||
0506|2|00|0|00000001||
0507|2|00|0|00000001||
0508|2|00|0|00000001||
0509|2|00|0|00000001||
050A|2|00|0|00000001||
050B|1|00|0|00000001||
050C|1|00|0|00000001||
050D|1|00|0|00000001||
050E|1|00|0|00000001||
050F|1|00|0|00000001||
0510|2|00|0|00000001||
0511|2|00|0|00000001||
0512|2|00|0|00000001||
0513|2|00|0|00000001||
0514|2|00|0|00000001||
0515|2|00|0|00000001||
0516|2|00|0|00000001||
0517|3|00|0|FFFFFFFF||
0518|0|00|0|00000001||
0519|0|00|0|00000001||
051A|0|00|0|00000001||
051B|0|00|0|00000001||
051C|0|00|0|00000001||
051D|2|00|0|00000001||
051E|3|00|0|00000001||
051F|0|00|0|00000001||
0520|0|00|0|00000001||
0521|2|00|0|00000001||
0522|2|00|0|00000001||
0523|2|00|0|00000001||
0524|1|00|0|00000001||
0525|1|00|0|00000001||
0526|1|00|0|00000001||
0527|1|00|0|00000001||
0528|1|00|0|00000001||
0529|1|00|0|00000001||
052A|1|00|0|00000001||
052B|1|00|0|00000001||
052C|1|00|0|00000001||
052D|2|00|0|00000001||
052E|2|00|0|00000001||
052F|2|00|0|00000001||
0530|2|00|0|00000001||
0531|2|00|0|00000001||
0532|2|00|0|00000001||
0533|2|00|0|00000001||
0534|2|00|0|00000001||
0535|2|00|0|00000001||
0536|2|00|0|00000001||
0537|0|00|0|00000001||
0538|0|00|0|00000001||
0539|0|00|0|00000001||
053A|2|00|0|00000001||
053B|1|00|0|00000001||
053C|1|00|0|00000001||
053D|1|00|0|00000001||
053E|1|00|0|00000001||
053F|1|00|0|00000001||
0540|1|00|0|00000001||
0541|1|00|0|00000001||
0542|1|00|0|00000001||
0543|2|00|0|00000001||
0544|2|13|1|00000001||
0545|2|00|0|00000001||
0546|2|00|0|00000001||
0547|1|00|0|0000000F||
0548|3|00|0|FFFFFFFF||
0549|1|00|0|00000001||
054A|0|00|0|00000003||
054B|0|00|0|00000001||
054C|0|00|0|00000001||
054D|0|00|0|00000001||
054E|0|00|0|00000003||
054F|0|00|0|00000001||
0550|0|00|0|00000001||
0551|0|00|0|00000001||
0552|0|00|0|00000003||
0553|0|00|0|00000001||
0554|0|00|0|00000001||
0555|0|00|0|00000001||
0556|0|00|0|00000003||
0557|0|00|0|00000001||
0558|0|00|0|00000001||
0559|0|00|0|00000001||
055A|0|00|0|00000001||
055B|0|00|0|00000001||
055C|0|00|0|00000001||
055D|0|00|0|00000001||
055E|0|00|0|00000001||
055F|0|00|0|00000001||
0560|0|00|0|00000001||
0561|0|00|0|00000001||
0562|0|00|0|00000001||
0563|0|00|0|00000001||
0564|2|00|0|00000001||
0565|0|00|0|00000001||
0566|0|00|0|00000001||
0567|0|00|0|00000001||
0568|0|00|0|00000001||
0569|0|00|0|00000001||
056A|0|00|0|0000000F||
056B|0|00|0|0000000F||
056C|0|00|0|0000000F||
056D|0|00|0|0000000F||
056E|1|00|0|00000001||
056F|1|00|0|00000001||
0570|1|00|0|00000001||
0571|1|00|0|00000001||
0572|1|00|0|0000000F||
0573|1|00|0|00000001||
0574|1|00|0|00000001||
0575|1|00|0|00000001||
0576|2|00|0|00000007||
0577|1|00|0|00000001||
0578|2|00|0|00000007||
0579|2|00|0|00000001||
057A|2|00|0|00000001||
057B|0|00|0|00000001||
057C|0|00|0|00000001||
057D|0|00|0|00000001||
057E|2|00|0|00000001||
057F|0|00|0|00000001||
0580|1|00|0|00000001||
0581|0|00|0|0000003F||
0582|1|00|0|00000001||
0583|2|00|0|00000001||
0584|1|00|0|00000001||
0585|1|00|0|00000001||
0586|1|00|0|00000001||
0587|2|00|0|00000001||
0588|2|00|0|00000001||
0589|0|00|0|00000001||
058A|0|00|0|00000001||
058B|2|00|0|00000001||
058C|0|00|0|00000001||
058D|0|00|0|00000001|NoMapData|Force No Map Data
058E|0|00|0|00000001||
058F|0|00|0|00000001||
0590|0|00|0|00000001||
0591|0|00|0|00000001||
0592|0|00|0|00000001||
0593|0|00|0|00000001||
0594|0|00|0|00000001||
0595|0|00|0|00000001||
0596|0|00|0|00000001||
0597|0|00|0|00000001||
0598|0|00|0|00000001||
0599|0|00|0|00000001||
059A|0|00|0|00000001||
059B|0|00|0|00000001||
059C|0|00|0|00000001||
059D|2|00|0|00000001|HaveVolcanoMap|Have Volcano Force Point Map
059E|2|00|0|00000001|HaveDarkIceMap|Have DarkIce Mines Map
059F|0|00|0|00000001||
05A0|2|00|0|00000001|HaveSnowWastesMap|Have SnowHorn Wastes Map
05A1|2|00|0|00000001|HaveCloudFortMap|Have CloudRunner Fortress Map
05A2|2|00|0|00000001|HaveLightFootMap|Have LightFoot Village Map
05A3|2|00|0|00000001|HaveHollowMap|Have ThornTail Hollow Map
05A4|2|00|0|00000001||
05A5|0|00|0|00000001||
05A6|2|00|0|00000001||
05A7|0|00|0|00000001||
05A8|0|00|0|00000001||
05A9|0|00|0|00000001||
05AA|0|00|0|00000001||
05AB|2|00|0|00000001||
05AC|0|00|0|00000001||
05AD|0|00|0|00000001||
05AE|0|00|0|00000001||
05AF|0|00|0|00000001||
05B0|2|00|0|00000001||
05B1|0|00|0|00000001||
05B2|0|00|0|00000001||
05B3|0|00|0|00000001||
05B4|0|00|0|00000001||
05B5|0|00|0|00000001||
05B6|0|00|0|00000001||
05B7|0|00|0|00000001||
05B8|0|00|0|00000001||
05B9|0|00|0|00000001||
05BA|0|00|0|00000001|SnowHown05BA|related to riding SnowHorn
05BB|0|00|0|00000001|SnowHown05BB|related to riding SnowHorn
05BC|0|00|0|00000001||
05BD|2|00|0|00000001|HaveOpenPortal|
05BE|0|00|0|00000001||
05BF|0|00|0|00000001||
05C0|0|00|0|00000001||
05C1|0|00|0|00000001||
05C2|0|00|0|00000001||
05C3|0|00|0|00000001||
05C4|0|00|0|00000001||
05C5|0|00|0|00000001||
05C6|0|00|0|00000001||
05C7|0|00|0|00000001||
05C8|0|00|0|00000001||
05C9|0|00|0|00000001||
05CA|0|00|0|00000001||
05CB|0|00|0|00000001||
05CC|0|00|0|00000001||
05CD|0|00|0|00000001||
05CE|2|3A|1|00000001|HaveIceBlast|
05CF|0|00|0|00000001||
05D0|1|00|0|0000000F||
05D1|3|00|0|FFFFFFFF||
05D2|2|00|0|00000001||
05D3|0|00|0|00000001||
05D4|2|00|0|00000001||
05D5|2|00|0|00000001||
05D6|2|00|0|0000001F|NumFirefliesNotShown|
05D7|0|00|0|00000001||
05D8|0|00|0|00000001||
05D9|0|00|0|00000001||
05DA|0|00|0|00000001||
05DB|3|00|0|FFFFFFFF||
05DC|3|00|0|FFFFFFFF||
05DD|0|00|0|00000001||
05DE|0|00|0|00000001||
05DF|2|00|0|00000001||
05E0|0|00|0|00000001||
05E1|0|00|0|00000001||
05E2|0|00|0|00000001||
05E3|2|00|0|00000001||
05E4|0|00|0|00000001||
05E5|0|00|0|00000001||
05E6|3|00|0|000000FF||
05E7|0|00|0|00000001||
05E8|2|00|0|00000001||
05E9|0|00|0|00000001||
05EA|2|00|0|00000001||
05EB|2|00|0|00000001||
05EC|2|00|0|00000001||
05ED|2|00|0|00000001||
05EE|0|00|0|00000001||
05EF|0|00|0|00000001||
05F0|2|00|0|00000001||
05F1|2|00|0|00000001||
05F2|2|00|0|00000001||
05F3|2|62|1|00000001||
05F4|2|A1|1|00000001||
05F5|2|00|0|00000001||
05F6|2|00|0|00000001||
05F7|2|00|0|00000001||
05F8|2|00|0|00000001||
05F9|0|00|0|00000001||
05FA|0|00|0|00000001||
05FB|0|00|0|00000001||
05FC|2|00|0|00000001||
05FD|0|00|0|00000001||
05FE|0|00|0|00000001||
05FF|0|00|0|00000001||
0600|2|00|0|00000001||
0601|3|00|0|FFFFFFFF||
0602|2|00|0|00000001||
0603|2|00|0|00000001||
0604|2|00|0|00000001||
0605|2|00|0|00000001||
0606|0|00|0|00000001||
0607|0|00|0|00000001||
0608|0|00|0|00000001||
0609|2|95|1|00000001||
060A|2|00|0|00000001||
060B|0|00|0|00000001||
060C|0|00|0|00000001||
060D|2|00|0|00000001||
060E|0|00|0|00000001||
060F|0|00|0|00000001||
0610|0|00|0|00000001||
0611|2|00|0|00000001||
0612|2|00|0|00000001||
0613|2|00|0|00000001||
0614|3|00|0|000000FF||
0615|2|00|0|00000001||
0616|2|00|0|00000001||
0617|0|00|0|00000001||
0618|0|00|0|00000001||
0619|0|00|0|00000001||
061A|0|00|0|00000001||
061B|0|00|0|00000001||
061C|2|69|1|00000001||
061D|0|00|0|00000001||
061E|2|00|0|00000001||
061F|2|00|0|00000001||
0620|0|00|0|00000001||
0621|2|00|0|00000001||
0622|2|00|0|00000001||
0623|2|00|0|00000001||
0624|0|00|0|00000001||
0625|0|00|0|00000001||
0626|0|00|0|00000001||
0627|2|00|0|00000001||
0628|0|00|0|00000001||
0629|2|00|0|00000001||
062A|1|00|0|00000001||
062B|1|00|0|00000001||
062C|1|00|0|00000001||
062D|1|00|0|00000001||
062E|0|00|0|00000001||
062F|1|00|0|00000001||
0630|1|00|0|00000001||
0631|1|00|0|00000001||
0632|2|93|1|00000001||
0633|3|00|0|000000FF||
0634|0|00|0|00000001||
0635|0|00|0|00000001||
0636|2|00|0|00000001||
0637|2|00|0|00000001||
0638|2|00|0|00000001||
0639|2|00|0|00000001||
063A|0|00|0|00000001||
063B|2|00|0|00000001||
063C|2|81|1|00000001||
063D|2|00|0|00000001||
063E|2|00|0|00000001||
063F|2|00|0|00000001||
0640|0|00|0|00000001||
0641|2|00|0|00000001||
0642|0|00|0|00000001||
0643|2|00|0|00000001||
0644|0|00|0|00000001||
0645|0|00|0|00000001||
0646|0|00|0|00000001||
0647|2|00|0|00000001||
0648|0|00|0|00000001||
0649|0|00|0|00000001||
064A|0|00|0|00000001||
064B|0|00|0|00000001||
064C|0|00|0|00000001||
064D|0|00|0|00000001||
064E|0|00|0|00000001||
064F|0|00|0|00000001||
0650|0|00|0|00000001||
0651|2|00|0|00000001||
0652|2|00|0|00000001||
0653|0|00|0|00000001||
0654|0|00|0|00000001||
0655|0|00|0|00000001||
0656|0|00|0|00000001||
0657|0|00|0|00000001||
0658|2|00|0|00000001||
0659|2|00|0|00000001||
065A|2|00|0|00000001||
065B|0|00|0|00000001||
065C|0|00|0|00000001||
065D|0|00|0|00000001||
065E|2|00|0|00000001||
065F|0|00|0|00000001||
0660|0|00|0|00000001||
0661|1|00|0|00000001||
0662|1|00|0|00000001||
0663|1|00|0|00000001||
0664|2|00|0|00000001||
0665|1|00|0|00000001||
0666|1|00|0|00000001||
0667|1|00|0|00000001||
0668|1|00|0|00000001||
0669|1|00|0|00000001||
066A|0|00|0|00000001||
066B|0|00|0|00000001||
066C|2|00|0|00000007|NumBombSpores|
066D|2|00|0|00000007||
066E|0|00|0|00000001||
066F|0|00|0|00000001||
0670|0|00|0|00000001||
0671|0|00|0|00000001||
0672|0|00|0|00000001||
0673|0|00|0|00000001||
0674|0|00|0|00000001||
0675|0|00|0|00000001||
0676|1|00|0|00000001||
0677|0|00|0|00000001||
0678|0|00|0|00000001||
0679|0|00|0|00000001||
067A|0|00|0|00000001||
067B|0|00|0|00000001||
067C|0|00|0|00000001||
067D|0|00|0|00000001||
067E|0|00|0|00000001||
067F|1|00|0|00000001||
0680|0|00|0|00000001||
0681|2|00|0|00000001||
0682|0|00|0|00000001||
0683|1|00|0|00000007||
0684|2|00|0|00000001||
0685|2|00|0|00000001||
0686|2|00|0|00000001||
0687|1|00|0|00000001||
0688|1|00|0|00000001||
0689|1|00|0|00000001||
068A|1|00|0|00000001||
068B|1|00|0|00000001||
068C|1|00|0|00000001||
068D|1|00|0|00000001||
068E|1|00|0|00000001||
068F|1|00|0|00000001||
0690|1|00|0|00000001||
0691|1|00|0|00000001||
0692|1|00|0|00000001||
0693|1|00|0|00000001||
0694|1|00|0|00000001||
0695|1|00|0|00000001||
0696|1|00|0|00000001||
0697|2|00|0|00000001||
0698|0|00|0|00000007||
0699|2|00|0|00000001||
069A|2|00|0|00000001||
069B|2|00|0|00000001||
069C|2|00|0|00000001||
069D|2|00|0|00000001||
069E|2|00|0|00000001||
069F|2|00|0|00000001||
06A0|2|00|0|00000001||
06A1|2|00|0|00000001||
06A2|2|00|0|00000001||
06A3|2|00|0|00000001||
06A4|2|00|0|00000001||
06A5|2|00|0|00000001||
06A6|2|00|0|00000001||
06A7|2|00|0|00000001||
06A8|2|00|0|00000001||
06A9|2|00|0|00000001||
06AA|2|00|0|00000001||
06AB|2|00|0|00000001||
06AC|2|00|0|00000001||
06AD|2|00|0|00000001||
06AE|2|00|0|00000001||
06AF|2|00|0|00000001||
06B0|2|00|0|00000001||
06B1|2|00|0|00000001||
06B2|2|00|0|00000001||
06B3|2|00|0|00000001||
06B4|2|00|0|00000001||
06B5|2|00|0|00000001||
06B6|2|00|0|00000001||
06B7|2|00|0|00000001||
06B8|2|00|0|00000001||
06B9|2|00|0|00000001||
06BA|2|00|0|00000001||
06BB|2|00|0|00000001||
06BC|2|00|0|00000001||
06BD|2|00|0|00000001||
06BE|2|00|0|00000001||
06BF|2|00|0|00000001||
06C0|2|00|0|00000001||
06C1|2|00|0|00000001||
06C2|2|00|0|00000001||
06C3|2|00|0|00000001||
06C4|2|00|0|00000001||
06C5|2|00|0|00000001||
06C6|2|00|0|00000001||
06C7|2|00|0|00000001||
06C8|2|00|0|00000001||
06C9|2|00|0|00000001||
06CA|2|00|0|00000001||
06CB|2|00|0|00000001||
06CC|2|00|0|00000001||
06CD|2|00|0|00000001||
06CE|2|00|0|00000001||
06CF|2|00|0|00000001||
06D0|2|00|0|00000001||
06D1|2|00|0|00000001||
06D2|2|00|0|00000001||
06D3|2|00|0|00000001||
06D4|2|00|0|00000001||
06D5|2|00|0|00000001||
06D6|2|00|0|00000001||
06D7|2|00|0|00000001||
06D8|2|00|0|00000001||
06D9|2|00|0|00000001||
06DA|2|00|0|00000001||
06DB|2|00|0|00000001||
06DC|2|00|0|00000001||
06DD|2|00|0|00000001||
06DE|2|00|0|00000001||
06DF|2|00|0|00000001||
06E0|2|00|0|00000001||
06E1|2|00|0|00000001||
06E2|2|00|0|00000001||
06E3|2|00|0|00000001||
06E4|2|00|0|00000001||
06E5|2|00|0|00000001||
06E6|2|00|0|00000001||
06E7|2|00|0|00000001||
06E8|2|00|0|00000001||
06E9|2|00|0|00000001||
06EA|2|00|0|00000001||
06EB|2|00|0|00000001||
06EC|2|00|0|00000001||
06ED|2|00|0|00000001||
06EE|2|00|0|00000001||
06EF|2|00|0|00000001||
06F0|2|00|0|00000001||
06F1|2|00|0|00000001||
06F2|2|00|0|00000001||
06F3|2|00|0|00000001||
06F4|2|00|0|00000001||
06F5|2|00|0|00000001||
06F6|2|00|0|00000001||
06F7|2|00|0|00000001||
06F8|2|00|0|00000001||
06F9|2|00|0|00000001||
06FA|2|00|0|00000001||
06FB|2|00|0|00000001||
06FC|2|00|0|00000001||
06FD|2|00|0|00000001||
06FE|2|00|0|00000001||
06FF|2|00|0|00000001||
0700|2|00|0|00000001||
0701|2|00|0|00000001||
0702|2|00|0|00000001||
0703|2|00|0|00000001||
0704|2|00|0|00000001||
0705|2|00|0|00000001||
0706|2|00|0|00000001||
0707|2|00|0|00000001||
0708|2|00|0|00000001||
0709|2|00|0|00000001||
070A|2|00|0|00000001||
070B|2|00|0|00000001||
070C|2|00|0|00000001||
070D|2|00|0|00000001||
070E|2|00|0|00000001||
070F|2|00|0|00000001||
0710|2|00|0|00000001||
0711|2|00|0|00000001||
0712|2|00|0|00000001||
0713|2|00|0|00000001||
0714|2|00|0|00000001||
0715|2|00|0|00000001||
0716|2|00|0|00000001||
0717|2|00|0|00000001||
0718|2|00|0|00000001||
0719|2|00|0|00000001||
071A|2|00|0|00000001||
071B|2|00|0|00000001||
071C|2|00|0|00000001||
071D|2|00|0|00000001||
071E|2|00|0|00000001||
071F|2|00|0|00000001||
0720|2|00|0|00000001||
0721|2|00|0|00000001||
0722|2|00|0|00000001||
0723|2|00|0|00000001||
0724|2|00|0|00000001||
0725|2|00|0|00000001||
0726|2|00|0|00000001||
0727|2|00|0|00000001||
0728|2|00|0|00000001||
0729|2|00|0|00000001||
072A|2|00|0|00000001||
072B|2|00|0|00000001||
072C|2|00|0|00000001||
072D|2|00|0|00000001||
072E|2|00|0|00000001||
072F|2|00|0|00000001||
0730|2|00|0|00000001||
0731|2|00|0|00000001||
0732|2|00|0|00000001||
0733|2|00|0|00000001||
0734|2|00|0|00000001||
0735|2|00|0|00000001||
0736|2|00|0|00000001||
0737|2|00|0|00000001||
0738|2|00|0|00000001||
0739|2|00|0|00000001||
073A|2|00|0|00000001||
073B|2|00|0|00000001||
073C|2|00|0|00000001||
073D|2|00|0|00000001||
073E|2|00|0|00000001||
073F|2|00|0|00000001||
0740|2|00|0|00000001||
0741|2|00|0|00000001||
0742|2|00|0|00000001||
0743|2|00|0|00000001||
0744|2|00|0|00000001||
0745|2|00|0|00000001||
0746|2|00|0|00000001||
0747|2|00|0|00000001||
0748|2|00|0|00000001||
0749|2|00|0|00000001||
074A|2|00|0|00000001||
074B|2|00|0|00000001||
074C|2|00|0|00000001||
074D|2|00|0|00000001||
074E|2|00|0|00000001||
074F|2|00|0|00000001||
0750|2|00|0|00000001||
0751|2|00|0|00000001||
0752|2|00|0|00000001||
0753|2|00|0|00000001||
0754|2|00|0|00000001||
0755|2|00|0|00000001||
0756|2|00|0|00000001||
0757|2|00|0|00000001||
0758|2|00|0|00000001||
0759|2|00|0|00000001||
075A|2|00|0|00000001||
075B|2|00|0|00000001||
075C|2|00|0|00000001||
075D|2|00|0|00000001||
075E|2|00|0|00000001||
075F|2|00|0|00000001||
0760|2|00|0|00000001||
0761|2|00|0|00000001||
0762|2|00|0|00000001||
0763|2|00|0|00000001||
0764|1|00|0|00000001||
0765|1|00|0|00000001||
0766|2|00|0|00000001||
0767|2|00|0|00000001||
0768|0|00|0|00000001||
0769|0|00|0|00000001||
076A|0|00|0|00000001||
076B|0|00|0|00000001||
076C|2|00|0|00000001||
076D|2|00|0|00000001||
076E|1|00|0|0000000F||
076F|1|00|0|0000000F||
0770|0|00|0|00000001||
0771|2|00|0|00000001||
0772|0|00|0|00FFFFFF||
0773|0|00|0|0000FFFF||
0774|1|00|0|00000001||
0775|1|00|0|00000001||
0776|1|00|0|00000001||
0777|2|00|0|00000001||
0778|2|00|0|00000001||
0779|0|00|0|00000001||
077A|0|00|0|00000001||
077B|0|00|0|00000001||
077C|0|00|0|00000001||
077D|0|00|0|00000001||
077E|0|00|0|00000001||
077F|0|00|0|00000001||
0780|2|00|0|00000001||
0781|0|00|0|00000001||
0782|2|00|0|00000001||
0783|1|00|0|00000001||
0784|0|00|0|00000001||
0785|2|00|0|00000001||
0786|0|00|0|00000001||
0787|2|00|0|00000001||
0788|1|00|0|00000001||
0789|1|00|0|00000007||
078A|0|00|0|00000001||
078B|1|00|0|00000001||
078C|0|00|0|00000001||
078D|2|00|0|00000001||
078E|0|00|0|00000001||
078F|0|00|0|00000001||
0790|0|00|0|00000001||
0791|0|00|0|00000001||
0792|2|00|0|00000001||
0793|2|00|0|00000001||
0794|2|00|0|00000001||
0795|0|00|0|00000001||
0796|0|00|0|00000001||
0797|0|00|0|00000001||
0798|0|00|0|00000001||
0799|0|00|0|00000001||
079A|0|00|0|00000001||
079B|0|00|0|00000001||
079C|0|00|0|00000001||
079D|0|00|0|00000001||
079E|0|00|0|00000001||
079F|0|00|0|00000001||
07A0|2|00|0|00000001||
07A1|2|00|0|00000001||
07A2|2|00|0|00000001||
07A3|2|00|0|00000001||
07A4|1|00|0|00000001||
07A5|0|00|0|00000001||
07A6|0|00|0|00000001||
07A7|2|00|0|00000001||
07A8|2|00|0|00000001||
07A9|1|00|0|00000007||
07AA|1|00|0|0000001F||
07AB|0|00|0|00000001||
07AC|0|00|0|00000001||
07AD|0|00|0|00000001||
07AE|0|00|0|00000001||
07AF|2|00|0|00000001||
07B0|0|00|0|00000001||
07B1|0|00|0|00000001||
07B2|0|00|0|00000001||
07B3|0|00|0|00000001||
07B4|0|00|0|00000001||
07B5|0|00|0|00000001||
07B6|1|00|0|00000001||
07B7|0|00|0|00000001||
07B8|0|00|0|00000001||
07B9|0|00|0|00000001||
07BA|1|00|0|00000001||
07BB|1|00|0|00000001||
07BC|1|00|0|00000001||
07BD|2|00|0|00000001||
07BE|2|00|0|00000001||
07BF|1|00|0|00000001||
07C0|2|00|0|00000001||
07C1|2|00|0|00000001||
07C2|2|9F|1|00000001||
07C3|2|00|0|00000001||
07C4|2|00|0|00000001||
07C5|0|00|0|00000001||
07C6|0|00|0|00000001||
07C7|1|00|0|00000001||
07C8|1|00|0|00000001||
07C9|1|00|0|00000001||
07CA|0|00|0|00000001||
07CB|0|00|0|00000001||
07CC|1|00|0|00000001||
07CD|1|00|0|00000001||
07CE|3|00|0|FFFFFFFF||
07CF|0|00|0|00000001||
07D0|0|00|0|00000001||
07D1|0|00|0|00000001||
07D2|0|00|0|00000001||
07D3|0|00|0|00000001||
07D4|1|00|0|00000001||
07D5|0|00|0|00000001||
07D6|0|00|0|00000001||
07D7|0|00|0|00000001||
07D8|0|00|0|00000001||
07D9|0|00|0|00000001||
07DA|0|00|0|00000001||
07DB|0|00|0|00000001||
07DC|0|00|0|00000001||
07DD|2|00|0|00000001|HaveDragRockMap|
07DE|2|00|0|00000001||
07DF|0|00|0|00000001||
07E0|2|00|0|00000001||
07E1|2|00|0|00000001||
07E2|0|00|0|00000001||
07E3|0|00|0|00000001||
07E4|0|00|0|00000001||
07E5|2|00|0|00000001|HaveKrazoaMap|
07E6|2|00|0|00000001||
07E7|2|00|0|00000001||
07E8|2|00|0|00000001||
07E9|2|00|0|00000001|HaveOceanMap|Have Ocean Force Point Map
07EA|2|00|0|00000001||
07EB|0|00|0|00000001||
07EC|0|00|0|00000001||
07ED|1|00|0|00000001||
07EE|1|00|0|00000001||
07EF|1|00|0|00000001||
07F0|1|00|0|00000001||
07F1|2|00|0|00000001||
07F2|2|00|0|00000001||
07F3|2|00|0|00000001||
07F4|2|00|0|00000001||
07F5|2|00|0|00000001||
07F6|2|00|0|00000001||
07F7|1|00|0|00000001||
07F8|2|76|1|00000001||
07F9|2|00|0|00000001||
07FA|2|00|0|00000001||
07FB|2|00|0|00000001||
07FC|2|77|1|00000001||
07FD|0|00|0|00000001||
07FE|0|00|0|00000001||
07FF|0|00|0|00000001||
0800|0|00|0|00000001||
0801|0|00|0|00000001||
0802|1|00|0|00000001||
0803|0|00|0|00000001||
0804|2|00|0|00000001||
0805|0|00|0|00000001||
0806|0|00|0|00000001||
0807|0|00|0|00000001||
0808|2|00|0|00000001||
0809|2|00|0|00000001||
080A|1|00|0|00000001||
080B|0|00|0|00000001||
080C|2|00|0|00000001||
080D|0|00|0|00000001||
080E|0|00|0|00000001||
080F|2|00|0|00000001||
0810|2|00|0|00000007||
0811|2|00|0|00000007||
0812|2|00|0|00000001||
0813|2|00|0|00000001||
0814|2|00|0|00000001||
0815|2|00|0|00000001||
0816|2|00|0|00000001||
0817|2|A6|1|00000001||
0818|2|74|1|00000001||
0819|2|79|1|00000001||
081A|2|00|0|00000001||
081B|2|00|0|00000001||
081C|2|00|0|00000001||
081D|2|00|0|00000001||
081E|2|00|0|00000001||
081F|2|00|0|00000001||
0820|2|00|0|00000001||
0821|1|00|0|00000001||
0822|0|00|0|00000001||
0823|2|00|0|00000001||
0824|2|00|0|00000001||
0825|2|00|0|00000001||
0826|2|00|0|00000001||
0827|2|00|0|00000001||
0828|2|00|0|00000001||
0829|2|00|0|00000001||
082A|2|00|0|00000001||
082B|1|00|0|0000000F||
082C|0|00|0|00000001||
082D|0|00|0|00000001||
082E|2|00|0|00000001|HaveWallCityMap|
082F|2|00|0|00000001|HaveCapeClawMap|
0830|2|00|0|00000001||
0831|2|00|0|00000001||
0832|2|00|0|00000001||
0833|0|00|0|00000001||
0834|0|00|0|00000001||
0835|2|00|0|00000001|HaveMoonPassMap|
0836|0|00|0|00000001||
0837|0|00|0|00000001||
0838|0|00|0|00000001||
0839|0|00|0|00000001||
083A|2|00|0|00000001||
083B|2|7D|1|00000001|HaveFireSpellStone2|
083C|2|9D|1|00000001|HaveWaterSpellStone2|
083D|0|00|0|00000001||
083E|1|00|0|00000001||
083F|1|00|0|00000007||
0840|1|00|0|00000001||
0841|2|00|0|00000001||
0842|2|00|0|00000001||
0843|0|00|0|00000001||
0844|0|00|0|00000001||
0845|0|00|0|00000001||
0846|1|00|0|00000001||
0847|1|00|0|00000001||
0848|2|00|0|00000001||
0849|2|00|0|00000001||
084A|0|00|0|00000001||
084B|2|00|0|00000001||
084C|0|00|0|00000001||
084D|2|00|0|00000001||
084E|0|00|0|00000001||
084F|1|00|0|00000001||
0850|2|00|0|00000001||
0851|0|00|0|00000001||
0852|2|00|0|00000001||
0853|0|00|0|00000001||
0854|2|00|0|00000001||
0855|0|00|0|00000001||
0856|0|00|0|00000001||
0857|2|41|1|00000001||
0858|0|00|0|00000001||
0859|2|00|0|00000001||
085A|0|00|0|00000001||
085B|2|00|0|00000001||
085C|2|00|0|00000001||
085D|2|00|0|00000001||
085E|2|00|0|00000001||
085F|0|00|0|00000001||
0860|2|00|0|00000001||
0861|0|00|0|00000001||
0862|2|00|0|00000001||
0863|0|00|0|00000001||
0864|0|00|0|00000001||
0865|2|00|0|00000001||
0866|2|00|0|00000001||
0867|2|00|0|00000001||
0868|2|00|0|00000001||
0869|2|00|0|00000001||
086A|2|00|0|00000007|NumMoonSeeds|
086B|1|00|0|00000001||
086C|1|00|0|00000001||
086D|1|00|0|00000001||
086E|2|00|0|00000001||
086F|1|00|0|00000001||
0870|1|00|0|00000001||
0871|1|00|0|00000001||
0872|1|00|0|00000001||
0873|1|00|0|00000001||
0874|2|00|0|00000001||
0875|2|00|0|00000001||
0876|2|00|0|00000001||
0877|2|00|0|00000001||
0878|2|00|0|00000001||
0879|0|00|0|00000001||
087A|0|00|0|00000001||
087B|2|00|0|00000003||
087C|2|00|0|00000001||
087D|1|00|0|00000001||
087E|1|00|0|00000001||
087F|1|00|0|00000001||
0880|0|00|0|00000001||
0881|0|00|0|00000001||
0882|2|00|0|00000001||
0883|2|00|0|00000001||
0884|2|00|0|00000001||
0885|0|00|0|00000001||
0886|2|00|0|00000001||
0887|2|00|0|00000001||
0888|0|00|0|00000001||
0889|0|00|0|00000001||
088A|2|00|0|00000001||
088B|2|00|0|00000001||
088C|2|00|0|00000003||
088D|1|00|0|00000001||
088E|2|00|0|00000001||
088F|2|00|0|00000001||
0890|2|00|0|00000001||
0891|2|00|0|00000001||
0892|2|00|0|00000001||
0893|2|00|0|00000001||
0894|2|00|0|00000003||
0895|2|00|0|00000007||
0896|2|00|0|00000007||
0897|2|00|0|00000007||
0898|2|00|0|00000001||
0899|2|00|0|00000001||
089A|0|00|0|00000001||
089B|2|42|1|00000001||
089C|0|00|0|00000001||
089D|2|00|0|00000001||
089E|2|00|0|00000001||
089F|2|00|0|00000001||
08A0|2|71|1|00000001||
08A1|2|00|0|00000001||
08A2|2|00|0|00000001||
08A3|2|00|0|00000001||
08A4|0|00|0|00000001||
08A5|2|00|0|00000001||
08A6|1|00|0|00000001||
08A7|2|00|0|00000001||
08A8|2|00|0|00000001||
08A9|2|00|0|00000001||
08AA|2|00|0|00000001||
08AB|2|00|0|00000001||
08AC|2|00|0|00000001||
08AD|2|00|0|00000001||
08AE|2|00|0|00000001||
08AF|1|00|0|00000001||
08B0|2|00|0|00000001||
08B1|0|00|0|00000001||
08B2|1|00|0|00000001||
08B3|1|00|0|00000001||
08B4|1|00|0|00000001||
08B5|0|00|0|00000001||
08B6|2|00|0|00000001||
08B7|2|00|0|00000001||
08B8|2|00|0|00000001||
08B9|2|00|0|00000001||
08BA|2|00|0|00000001||
08BB|1|00|0|00000001||
08BC|2|00|0|00000001||
08BD|2|00|0|00000001||
08BE|2|00|0|00000001||
08BF|2|00|0|00000001||
08C0|1|00|0|00000001||
08C1|0|00|0|00000001||
08C2|2|00|0|00000001||
08C3|2|00|0|00000001||
08C4|0|00|0|00000001||
08C5|0|00|0|00000001||
08C6|0|00|0|00000001||
08C7|2|00|0|00000001||
08C8|2|00|0|00000001||
08C9|2|00|0|00000001||
08CA|2|00|0|00000001||
08CB|1|00|0|00000001||
08CC|1|00|0|00000001||
08CD|1|00|0|00000001||
08CE|1|00|0|00000001||
08CF|2|00|0|00000001||
08D0|2|00|0|00000001||
08D1|1|00|0|00000001||
08D2|2|00|0|00000001||
08D3|1|00|0|00000001||
08D4|2|00|0|00000001||
08D5|0|00|0|00000001||
08D6|0|00|0|00000001||
08D7|0|00|0|00000001||
08D8|0|00|0|00000001||
08D9|0|00|0|00000001||
08DA|0|00|0|00000001||
08DB|0|00|0|00000001||
08DC|0|00|0|00000001||
08DD|0|00|0|00000001||
08DE|0|00|0|00000001||
08DF|0|00|0|00000001||
08E0|0|00|0|00000001||
08E1|0|00|0|00000001||
08E2|0|00|0|00000001||
08E3|0|00|0|00000001||
08E4|0|00|0|00000001||
08E5|0|00|0|00000001||
08E6|0|00|0|00000001||
08E7|0|00|0|00000001||
08E8|0|00|0|00000001||
08E9|1|00|0|00000001||
08EA|1|00|0|00000001||
08EB|1|00|0|00000001||
08EC|1|00|0|0000000F||
08ED|3|00|0|FFFFFFFF||
08EE|2|00|0|00000001||
08EF|2|00|0|00000001||
08F0|2|00|0|00000001||
08F1|0|00|0|00000001||
08F2|2|00|0|00000001||
08F3|2|00|0|00000001||
08F4|2|00|0|00000001||
08F5|2|00|0|00000001||
08F6|0|00|0|00000001||
08F7|1|00|0|00000001||
08F8|2|00|0|00000001||
08F9|2|00|0|00000001||
08FA|2|00|0|00000001||
08FB|2|00|0|00000001||
08FC|2|00|0|00000001||
08FD|2|00|0|00000001||
08FE|2|00|0|00000001||
08FF|2|00|0|00000001||
0900|1|00|0|00000007||
0901|1|00|0|00000007||
0902|1|00|0|00000001||
0903|2|00|0|00000001||
0904|2|00|0|00000001||
0905|2|00|0|00000001||
0906|1|00|0|00000001||
0907|1|00|0|00000001||
0908|2|00|0|00000001||
0909|1|00|0|00000001||
090A|1|00|0|00000001||
090B|2|00|0|00000001||
090C|2|00|0|00000001||
090D|2|00|0|00000001|HaveStaffGem|Have collected a Staff Energy Gem (if 0, explain it when you collect one)
090E|2|00|0|00000001||
090F|2|00|0|00000001||
0910|2|00|0|00000001||
0911|2|00|0|00000001||
0912|2|00|0|00000001|WarpRelated0912|related to warp pads
0913|2|00|0|00000001||
0914|2|00|0|00000001||
0915|2|00|0|00000001||
0916|0|00|0|00000001||
0917|0|00|0|00000001||
0918|0|00|0|00000001||
0919|2|00|0|00000001|Have50ScarabBag|
091A|2|00|0|00000001|Have100ScarabBag|
091B|2|00|0|00000001|Have200ScarabBag|
091C|1|00|0|00000001||
091D|1|00|0|00000001||
091E|0|00|0|00000001|WarpRelated091E|related to warp pads
091F|0|00|0|00000001||
0920|1|00|0|00000001||
0921|2|00|0|00000001||
0922|1|00|0|00000001||
0923|1|00|0|00000001||
0924|1|00|0|00000001||
0925|1|00|0|00000001||
0926|1|00|0|00000001||
0927|1|00|0|00000001||
0928|1|00|0|00000001||
0929|2|00|0|00000007||
092A|2|00|0|00000001||
092B|0|00|0|00000001||
092C|0|00|0|00000001||
092D|0|00|0|00000001||
092E|2|00|0|00000001||
092F|2|00|0|00000001||
0930|2|00|0|00000001||
0931|2|00|0|00000001||
0932|1|00|0|00000001||
0933|1|00|0|00000001||
0934|1|00|0|00000001||
0935|1|00|0|00000001||
0936|1|00|0|00000001||
0937|1|00|0|00000001||
0938|2|00|0|00000001||
0939|2|53|1|00000001||
093A|2|00|0|00000001||
093B|1|00|0|00000001||
093C|1|00|0|00000001||
093D|1|00|0|00000001||
093E|1|00|0|00000001||
093F|1|00|0|00000001||
0940|2|56|1|00000001||
0941|2|00|0|00000001||
0942|1|00|0|00000001||
0943|1|00|0|00000001||
0944|2|00|0|00000001||
0945|1|00|0|00000001||
0946|1|00|0|00000001||
0947|1|00|0|00000001||
0948|1|00|0|00000001||
0949|1|00|0|00000001||
094A|2|00|0|00000001||
094B|2|00|0|00000001||
094C|1|00|0|00000001||
094D|1|00|0|00000001||
094E|2|00|0|00000001||
094F|2|00|0|00000001||
0950|2|00|0|00000001||
0951|2|00|0|00000001||
0952|2|00|0|00000001||
0953|2|00|0|00000001|HaveFlute|
0954|1|00|0|00000001||
0955|1|00|0|00000001||
0956|2|09|1|00000001||
0957|2|1C|1|00000001|HaveStaffBooster|
0958|2|00|0|00000001|HaveLaserSpell|Have Rapid Fire Laser Spell (unused)
0959|1|00|0|00000001||
095A|1|00|0|00000001||
095B|2|00|0|00000001||
095C|2|00|0|00000001||
095D|2|00|0|00000001||
095E|2|00|0|00000001||
095F|2|00|0|00000001||
0960|2|00|0|00000001|StaffRelated0960|
0961|2|00|0|00000001|StaffRelated0961|
0962|2|00|0|00000001||
0963|2|00|0|00000001||
0964|2|00|0|00000001|StaffRelated0964|
0965|2|00|0|00000001|StaffRelated0965|
0966|3|00|0|00000001||
0967|2|00|0|00000001|HaveNoFireflies|set at start of new game
0968|3|00|0|00000001||
0969|2|00|0|00000001|StaffRelated0969|
096A|2|00|0|00000001||
096B|2|00|0|00000001|StaffRelated096B|
096C|1|00|0|00000001||
096D|0|00|0|00000001||
096E|0|00|0|00000001||
096F|0|00|0|00000001||
0970|1|00|0|00000001|SavedWithOneLessHealth|game saved with one less health - no idea why this exists
0971|0|00|0|00000001||
0972|1|00|0|00000001||
0973|1|00|0|00000001||
0974|2|00|0|00000001||
0975|2|00|0|00000001||
0976|2|00|0|00000001||
0977|2|00|0|00000001||
0978|1|00|0|00000001||
0979|1|00|0|00000001||
097A|1|00|0|00000001||
097B|0|00|0|00000001||
097C|0|00|0|00000001||
097D|0|00|0|00000001||
097E|0|00|0|00000001||
097F|0|00|0|00000001||
0980|0|00|0|00000001||
0981|0|00|0|00000001||
0982|1|00|0|00000001||
0983|3|00|0|00000001||
0984|3|00|0|00000001||
0985|3|00|0|00000001||
0986|2|00|0|00000001|StaffRelated0986|
0987|1|00|0|00000001||
0988|1|00|0|00000001||
0989|2|00|0|00000001||
098A|2|00|0|00000001||
098B|0|00|0|00000001||
098C|2|00|0|00000001||
098D|0|00|0|00000001||
098E|2|00|0|00000001||
098F|0|00|0|00000001||
0990|2|00|0|00000001||
0991|0|00|0|00000001||
0992|2|00|0|00000001||
0993|0|00|0|00000001||
0994|2|00|0|00000001||
0995|0|00|0|00000001||
0996|2|00|0|00000001||
0997|0|00|0|00000001||
0998|2|00|0|00000001||
0999|0|00|0|00000001||
099A|0|00|0|00000001||
099B|2|00|0|00000001||
099C|0|00|0|00000001||
099D|2|00|0|00000001||
099E|0|00|0|00000001||
099F|2|00|0|00000001||
09A0|0|00|0|00000001||
09A1|2|00|0|00000001||
09A2|2|00|0|00000001||
09A3|2|00|0|00000001||
09A4|2|00|0|00000001||
09A5|2|00|0|00000001||
09A6|2|3F|1|00000001||
09A7|0|00|0|00000001||
09A8|2|00|0|00000001||
09A9|1|00|0|00000001||
09AA|2|02|1|00000001||
09AB|2|00|0|00000001||
09AC|2|00|0|00000001||
09AD|2|03|1|00000001||
09AE|0|00|0|00000001||
09AF|2|00|0|00000001||
09B0|2|00|0|00000001||
09B1|2|00|0|00000001||
09B2|2|00|0|00000001||
09B3|2|00|0|00000001||
09B4|2|00|0|00000001||
09B5|0|00|0|00000001||
09B6|0|00|0|00000001||
09B7|0|00|0|00000001||
09B8|0|00|0|00000001||
09B9|1|00|0|00000001||
09BA|2|00|0|00000001||
09BB|2|00|0|00000001||
09BC|2|00|0|00000001||
09BD|2|00|0|00000001||
09BE|2|00|0|00000001||
09BF|2|00|0|00000001||
09C0|0|00|0|00000001||
09C1|0|00|0|00000001||
09C2|0|00|0|00000001||
09C3|1|00|0|00000001||
09C4|0|00|0|00000001||
09C5|0|00|0|00000001||
09C6|1|00|0|00000001||
09C7|1|00|0|00000001||
09C8|0|00|0|00000001||
09C9|1|00|0|00000001||
09CA|0|00|0|00000001||
09CB|1|00|0|00000001||
09CC|2|00|0|00000001||
09CD|1|00|0|00000001||
09CE|2|00|0|00000001||
09CF|2|00|0|00000001||
09D0|1|00|0|00000001||
09D1|0|00|0|00000001||
09D2|0|00|0|00000001||
09D3|2|00|0|00000001||
09D4|2|00|0|00000001||
09D5|0|00|0|00000001|IncomingCommunication|Slippy calling you
09D6|1|00|0|00000001||
09D7|1|00|0|00000001||
09D8|1|00|0|00000001||
09D9|1|00|0|00000001||
09DA|1|00|0|00000001||
09DB|0|00|0|00000001||
09DC|1|00|0|00000001||
09DD|0|00|0|00000001||
09DE|2|00|0|00000001||
09DF|0|00|0|00000001||
09E0|1|00|0|00000001||
09E1|1|00|0|00000001||
09E2|1|00|0|00000001||
09E3|0|00|0|00000001||
09E4|0|00|0|00000001||
09E5|0|00|0|00000001||
09E6|0|00|0|00000001||
09E7|1|00|0|00000001||
09E8|0|00|0|00000001||
09E9|2|8D|1|00000001||
09EA|1|00|0|00000001||
09EB|0|00|0|00000001||
09EC|0|00|0|00000001||
09ED|2|00|0|00000001||
09EE|2|00|0|00000001||
09EF|2|00|0|00000001||
09F0|3|00|0|00000001||
09F1|0|00|0|00000001||
09F2|1|00|0|00000001||
09F3|2|96|1|00000001||
09F4|2|00|0|00000001||
09F5|0|00|0|00000001||
09F6|2|29|1|00000001||
09F7|0|00|0|00000001||
09F8|0|00|0|00000001||
09F9|0|00|0|00000001||
09FA|0|00|0|00000001||
09FB|0|00|0|00000001||
09FC|2|00|0|00000001||
09FD|2|00|0|00000001||
09FE|2|00|0|00000001||
09FF|2|00|0|00000001||
0A00|2|00|0|00000001||
0A01|0|00|0|00000001||
0A02|0|00|0|00000001||
0A03|1|00|0|00000001||
0A04|1|00|0|00000001||
0A05|1|00|0|00000001||
0A06|1|00|0|00000001||
0A07|1|00|0|00000001||
0A08|2|00|0|00000001||
0A09|2|00|0|00000001||
0A0A|2|00|0|00000001||
0A0B|2|00|0|00000001||
0A0C|2|00|0|00000001||
0A0D|2|00|0|00000001||
0A0E|0|00|0|00000001||
0A0F|0|00|0|00000001||
0A10|0|00|0|00000001||
0A11|0|00|0|00000001||
0A12|0|00|0|00000001||
0A13|0|00|0|00000001||
0A14|0|00|0|00000001||
0A15|0|00|0|00000001||
0A16|0|00|0|00000001||
0A17|0|00|0|00000001||
0A18|0|00|0|00000001||
0A19|2|00|0|00000001||
0A1A|0|00|0|00000001||
0A1B|0|00|0|00000001||
0A1C|1|00|0|00000001||
0A1D|1|00|0|00000001||
0A1E|1|00|0|00000001||
0A1F|0|00|0|00000001||
0A20|0|00|0|00000001||
0A21|2|00|0|00000001||
0A22|2|00|0|00000001||
0A23|2|00|0|00000001||
0A24|2|00|0|00000001||
0A25|2|00|0|00000001||
0A26|2|00|0|00000001||
0A27|2|00|0|00000001||
0A28|2|00|0|00000001||
0A29|0|00|0|00000001||
0A2A|0|00|0|00000001||
0A2B|0|00|0|00000001||
0A2C|0|00|0|00000001||
0A2D|0|00|0|00000001||
0A2E|2|00|0|00000001||
0A2F|0|00|0|00000001||
0A30|0|00|0|00000001||
0A31|1|72|1|00000001||
0A32|0|00|0|00000001||
0A33|0|00|0|00000001||
0A34|0|00|0|00000001||
0A35|2|00|0|00000001||
0A36|2|00|0|00000001||
0A37|0|00|0|00000001||
0A38|0|00|0|00000001||
0A39|0|00|0|00000001||
0A3A|0|00|0|00000001||
0A3B|0|00|0|00000001||
0A3C|0|00|0|00000001||
0A3D|0|00|0|00000001||
0A3E|0|00|0|00000001||
0A3F|0|00|0|00000001||
0A40|0|00|0|00000001||
0A41|0|00|0|00000001||
0A42|2|00|0|00000001||
0A43|2|7E|1|00000001||
0A44|0|00|0|00000001||
0A45|2|00|0|00000001||
0A46|0|00|0|00000001||
0A47|0|00|0|00000001||
0A48|2|00|0|00000001||
0A49|2|00|0|00000001||
0A4A|0|00|0|00000001||
0A4B|0|00|0|00000001||
0A4C|0|00|0|00000001||
0A4D|0|00|0|00000001||
0A4E|0|00|0|00000001||
0A4F|0|00|0|00000001||
0A50|0|00|0|00000001||
0A51|0|00|0|00000001||
0A52|0|00|0|00000001||
0A53|0|00|0|00000001||
0A54|0|00|0|00000001||
0A55|1|00|0|00000001||
0A56|1|00|0|00000001||
0A57|2|00|0|00000001||
0A58|2|00|0|00000001||
0A59|2|00|0|00000001||
0A5A|2|00|0|00000001||
0A5B|2|00|0|00000001||
0A5C|0|00|0|00000001||
0A5D|2|00|0|00000001||
0A5E|2|00|0|00000001||
0A5F|2|00|0|00000001||
0A60|0|00|0|00000001||
0A61|0|00|0|00000001||
0A62|3|00|0|FFFFFFFF||
0A63|2|00|0|00000001|WorldMapDinoPlanet|unlocked Dinosaur Planet on world map (automatically set when loading the world map)
0A64|2|00|0|00000001||
0A65|2|00|0|00000001||
0A66|2|00|0|00000001||
0A67|2|00|0|00000001||
0A68|0|00|0|00000001||
0A69|0|00|0|00000001||
0A6A|0|00|0|00000001||
0A6B|0|00|0|00000001||
0A6C|0|00|0|00000001||
0A6D|0|00|0|00000001||
0A6E|1|00|0|00000001||
0A6F|0|00|0|00000001||
0A70|0|00|0|00000001||
0A71|0|00|0|00000001||
0A72|2|00|0|00000001||
0A73|2|00|0|00000001||
0A74|2|00|0|00000001||
0A75|2|00|0|00000001||
0A76|2|00|0|00000001||
0A77|2|00|0|00000001||
0A78|2|00|0|00000001||
0A79|1|00|0|00000001||
0A7A|1|00|0|00000001||
0A7B|1|00|0|00000001||
0A7C|0|00|0|00000001||
0A7D|2|00|0|00000001||
0A7E|2|00|0|00000001||
0A7F|3|00|0|00000001||
0A80|2|00|0|00000001||
0A81|0|00|0|00000001||
0A82|2|25|1|00000001||
0A83|2|00|0|00000001||
0A84|2|00|0|00000001||
0A85|2|00|0|00000001||
0A86|2|00|0|00000001||
0A87|2|00|0|00000001||
0A88|2|00|0|00000001||
0A89|2|00|0|00000001||
0A8A|2|00|0|00000001||
0A8B|2|00|0|00000001||
0A8C|1|00|0|00000001||
0A8D|1|00|0|00000001||
0A8E|1|00|0|00000001||
0A8F|1|00|0|00000001||
0A90|1|00|0|00000001||
0A91|1|00|0|00000001||
0A92|1|00|0|00000001||
0A93|0|00|0|00000001||
0A94|0|00|0|00000001||
0A95|0|00|0|00000001||
0A96|0|00|0|00000001||
0A97|0|00|0|00000001||
0A98|0|00|0|00000001||
0A99|0|00|0|00000001||
0A9A|2|00|0|00000001||
0A9B|2|00|0|00000001||
0A9C|2|00|0|00000001||
0A9D|2|00|0|00000001||
0A9E|2|00|0|00000001||
0A9F|2|00|0|000FFFFF||
0AA0|2|00|0|000FFFFF||
0AA1|2|00|0|000FFFFF||
0AA2|2|00|0|000FFFFF||
0AA3|2|00|0|000FFFFF||
0AA4|2|00|0|000FFFFF||
0AA5|0|00|0|00000001||
0AA6|0|00|0|00000001||
0AA7|0|00|0|00000001||
0AA8|0|00|0|00000001||
0AA9|2|00|0|000FFFFF||
0AAA|0|00|0|00000001||
0AAB|0|00|0|00000001||
0AAC|0|00|0|00000001||
0AAD|0|00|0|00000001||
0AAE|2|00|0|000FFFFF||
0AAF|0|00|0|00000001||
0AB0|0|00|0|00000001||
0AB1|0|00|0|00000001||
0AB2|0|00|0|00000001||
0AB3|2|00|0|000FFFFF||
0AB4|0|00|0|00000001||
0AB5|0|00|0|00000001||
0AB6|0|00|0|00000001||
0AB7|0|00|0|00000001||
0AB8|2|00|0|00000001||
0AB9|2|00|0|00000001||
0ABA|1|00|0|00000001||
0ABB|1|00|0|00000001||
0ABC|1|00|0|00000001||
0ABD|1|00|0|00000001||
0ABE|1|00|0|00000001||
0ABF|1|00|0|00000001||
0AC0|1|00|0|00000001||
0AC1|1|00|0|00000001||
0AC2|1|00|0|00000001||
0AC3|2|00|0|00000001||
0AC4|0|00|0|00000001||
0AC5|0|00|0|00000001||
0AC6|0|00|0|00000001||
0AC7|0|00|0|00000001||
0AC8|0|00|0|00000001||
0AC9|0|00|0|00000001||
0ACA|0|00|0|00000001||
0ACB|0|00|0|00000001||
0ACC|0|00|0|00000001||
0ACD|0|00|0|00000001||
0ACE|1|00|0|00000001||
0ACF|2|00|0|00000001||
0AD0|1|00|0|00000001||
0AD1|1|00|0|00000001||
0AD2|2|00|0|00000001||
0AD3|2|00|0|00000001||
0AD4|2|00|0|00000001||
0AD5|2|00|0|00000001||
0AD6|2|00|0|00000001||
0AD7|1|00|0|00000001||
0AD8|2|00|0|00000001||
0AD9|2|00|0|00000001||
0ADA|2|00|0|00000001||
0ADB|2|00|0|00000001||
0ADC|2|00|0|00000001||
0ADD|2|00|0|00000001||
0ADE|0|00|0|00000001||
0ADF|2|00|0|00000001||
0AE0|0|00|0|00000001||
0AE1|0|00|0|00000001||
0AE2|1|00|0|00000001||
0AE3|0|00|0|00000001||
0AE4|0|00|0|00000001||
0AE5|0|00|0|00000001||
0AE6|0|00|0|00000001||
0AE7|2|00|0|00000001||
0AE8|0|00|0|00000001||
0AE9|0|00|0|00000001||
0AEA|0|00|0|00000001||
0AEB|0|00|0|00000001||
0AEC|0|00|0|00000001||
0AED|0|00|0|00000001||
0AEE|0|00|0|00000001||
0AEF|0|00|0|00000001||
0AF0|0|00|0|00000001||
0AF1|0|00|0|00000001||
0AF2|0|00|0|00000001||
0AF3|2|00|0|00000001||
0AF4|2|00|0|00000001||
0AF5|2|00|0|00000001||
0AF6|2|00|0|00000001||
0AF7|2|00|0|00000007||
0AF8|2|00|0|00000001||
0AF9|2|00|0|00000001||
0AFA|2|00|0|00000001||
0AFB|2|00|0|00000001||
0AFC|2|00|0|00000001||
0AFD|2|00|0|00000001||
0AFE|2|00|0|00000001||
0AFF|0|00|0|00000001||
0B00|0|00|0|00000001||
0B01|0|00|0|00000001||
0B02|0|00|0|00000001||
0B03|0|00|0|00000001||
0B04|2|00|0|00000001||
0B05|2|00|0|00000001||
0B06|2|00|0|00000001||
0B07|1|00|0|00000001||
0B08|1|00|0|00000001||
0B09|1|00|0|00000001||
0B0A|2|00|0|00000001||
0B0B|2|00|0|00000001||
0B0C|2|00|0|00000001||
0B0D|2|00|0|00000001||
0B0E|2|00|0|00000001||
0B0F|2|00|0|00000001||
0B10|0|00|0|00000001||
0B11|0|00|0|00000001||
0B12|0|00|0|00000001||
0B13|0|00|0|00000001||
0B14|0|00|0|00000001||
0B15|0|00|0|00000001||
0B16|0|00|0|00000001||
0B17|0|00|0|00000001||
0B18|0|00|0|00000001||
0B19|0|00|0|00000001||
0B1A|0|00|0|00000001||
0B1B|1|00|0|00000001||
0B1C|1|00|0|00000001||
0B1D|1|00|0|00000001||
0B1E|2|00|0|00000001||
0B1F|2|00|0|00000001||
0B20|1|00|0|00000001||
0B21|1|00|0|00000001||
0B22|1|00|0|00000001||
0B23|2|00|0|00000001||
0B24|3|00|0|00000001||
0B25|1|00|0|00000001||
0B26|1|00|0|00000001||
0B27|1|00|0|00000001||
0B28|1|00|0|00000001||
0B29|0|00|0|00000001||
0B2A|1|00|0|00000001||
0B2B|1|00|0|00000001||
0B2C|1|00|0|00000001||
0B2D|1|00|0|00000001||
0B2E|1|00|0|00000001||
0B2F|1|00|0|00000001||
0B30|1|00|0|00000001||
0B31|1|00|0|00000001||
0B32|1|00|0|00000001||
0B33|1|00|0|00000001||
0B34|1|00|0|00000001||
0B35|1|00|0|00000001||
0B36|3|00|0|00000001||
0B37|1|00|0|00000001||
0B38|1|00|0|00000001||
0B39|1|00|0|00000001||
0B3A|1|00|0|00000001||
0B3B|1|00|0|00000001||
0B3C|1|00|0|00000001||
0B3D|1|00|0|00000001||
0B3E|1|00|0|00000001||
0B3F|1|00|0|00000001||
0B40|1|00|0|00000001||
0B41|1|00|0|00000001||
0B42|1|00|0|00000001||
0B43|1|00|0|00000001||
0B44|1|00|0|00000001||
0B45|3|00|0|00000001||
0B46|1|00|0|00000001||
0B47|1|00|0|00000001||
0B48|0|00|0|00000001||
0B49|2|00|0|00000001||
0B4A|1|00|0|00000001||
0B4B|2|00|0|00000001||
0B4C|2|00|0|00000001||
0B4D|2|00|0|00000001||
0B4E|2|00|0|00000001||
0B4F|2|00|0|00000001||
0B50|2|00|0|00000001||
0B51|1|00|0|00000001||
0B52|2|00|0|00000001||
0B53|2|00|0|00000001||
0B54|2|00|0|00000001||
0B55|2|00|0|00000001||
0B56|2|00|0|00000001||
0B57|2|00|0|00000001||
0B58|1|00|0|00000001||
0B59|1|00|0|00000001||
0B5A|2|00|0|00000001||
0B5B|2|00|0|00000001||
0B5C|2|00|0|00000001||
0B5D|2|00|0|00000001||
0B5E|2|00|0|00000001||
0B5F|2|00|0|00000001||
0B60|2|00|0|00000001||
0B61|2|00|0|00000001||
0B62|2|00|0|00000001||
0B63|2|00|0|00000001||
0B64|2|00|0|00000001||
0B65|2|00|0|00000001||
0B66|2|00|0|00000001||
0B67|2|00|0|00000001||
0B68|2|00|0|00000001||
0B69|0|00|0|00000001||
0B6A|0|00|0|00000001||
0B6B|0|00|0|00000001||
0B6C|1|00|0|00000001||
0B6D|1|00|0|00000001||
0B6E|1|00|0|00000001||
0B6F|1|00|0|00000001||
0B70|0|00|0|00000001||
0B71|0|00|0|00000001||
0B72|3|00|0|00000001||
0B73|3|00|0|00000001||
0B74|2|00|0|00000001||
0B75|2|00|0|00000001||
0B76|0|00|0|00000001||
0B77|2|00|0|00000001||
0B78|2|00|0|00000001||
0B79|2|00|0|00000001||
0B7A|2|00|0|00000001||
0B7B|2|00|0|00000001||
0B7C|2|00|0|00000001||
0B7D|1|00|0|00000001||
0B7E|1|00|0|00000001||
0B7F|2|00|0|00000001||
0B80|2|00|0|00000001||
0B81|1|00|0|0000000F||
0B82|2|00|0|00000001||
0B83|2|00|0|00000001||
0B84|2|00|0|00000001||
0B85|2|00|0|00000001||
0B86|2|00|0|00000001||
0B87|1|00|0|00000001||
0B88|2|00|0|00000001||
0B89|1|00|0|00000001||
0B8A|1|00|0|00000001||
0B8B|1|00|0|00000001||
0B8C|2|00|0|00000001||
0B8D|2|00|0|00000001||
0B8E|2|00|0|00000001||
0B8F|2|00|0|00000001||
0B90|1|00|0|00000001||
0B91|1|00|0|00000001||
0B92|1|00|0|00000001||
0B93|1|00|0|00000001||
0B94|1|00|0|00000001||
0B95|1|00|0|00000001||
0B96|2|00|0|00000001||
0B97|1|00|0|00000001||
0B98|2|00|0|00000001|ShowBombCounter|on HUD
0B99|2|00|0|00000001|ShowTrickyFoodCounter|
0B9A|2|00|0|00000001|ShowFireflyCounter|
0B9B|2|00|0|00000001|ShowMoonSeedCounter|
0B9C|2|00|0|00000001|ShowScarabCounter|
0B9D|0|00|0|00000001||
0B9E|0|00|0|00000001||
0B9F|0|00|0|00000001||
0BA0|0|00|0|00000001||
0BA1|0|00|0|00000001||
0BA2|0|00|0|00000001||
0BA3|2|00|0|00000001||
0BA4|2|00|0|00000001||
0BA5|1|04|1|00000001||
0BA6|0|00|0|00000001||
0BA7|2|00|0|00000001||
0BA8|2|07|1|00000001||
0BA9|0|00|0|00000001||
0BAA|0|00|0|00000001||
0BAB|1|00|0|00000001||
0BAC|2|00|0|00000001||
0BAD|1|00|0|00000001||
0BAE|1|00|0|00000001||
0BAF|1|00|0|00000001||
0BB0|2|00|0|00000001||
0BB1|2|00|0|00000001||
0BB2|2|00|0|00000001||
0BB3|0|00|0|00000001||
0BB4|0|00|0|00000001||
0BB5|0|00|0|00000001||
0BB6|0|00|0|00000001||
0BB7|0|00|0|00000001||
0BB8|0|00|0|00000001||
0BB9|0|00|0|00000001||
0BBA|0|00|0|00000001||
0BBB|0|00|0|00000001||
0BBC|0|00|0|00000001||
0BBD|0|00|0|00000001||
0BBE|0|00|0|00000001||
0BBF|0|00|0|00000001||
0BC0|0|00|0|00000001||
0BC1|0|00|0|00000001||
0BC2|0|00|0|00000001||
0BC3|1|00|0|00000001||
0BC4|1|00|0|00000001||
0BC5|1|00|0|00000001||
0BC6|1|00|0|00000001||
0BC7|0|00|0|00000001||
0BC8|1|00|0|00000001||
0BC9|2|00|0|00000001||
0BCA|2|00|0|00000001||
0BCB|2|00|0|00000001||
0BCC|2|00|0|00000001||
0BCD|2|00|0|00000001||
0BCE|2|00|0|00000001||
0BCF|2|00|0|00000001||
0BD0|1|00|0|00000001||
0BD1|2|00|0|00000001||
0BD2|2|00|0|00000001||
0BD3|2|00|0|00000001||
0BD4|2|00|0|00000001||
0BD5|2|00|0|00000001||
0BD6|2|00|0|00000001||
0BD7|0|00|0|00000001||
0BD8|3|00|0|FFFFFFFF||
0BD9|0|00|0|00000001||
0BDA|0|00|0|00000001||
0BDB|2|00|0|00000001||
0BDC|2|00|0|00000001||
0BDD|2|00|0|00000001||
0BDE|2|00|0|00000001||
0BDF|2|00|0|00000001||
0BE0|2|00|0|00000001||
0BE1|2|00|0|00000001||
0BE2|2|00|0|00000001||
0BE3|2|00|0|00000001||
0BE4|2|00|0|00000001||
0BE5|2|00|0|00000001||
0BE6|0|00|0|00000001||
0BE7|0|00|0|00000001||
0BE8|0|00|0|00000001||
0BE9|0|00|0|00000001||
0BEA|0|00|0|00000001||
0BEB|0|00|0|00000001||
0BEC|0|00|0|00000001||
0BED|0|00|0|00000001||
0BEE|0|00|0|00000001||
0BEF|0|00|0|00000001||
0BF0|0|00|0|00000001||
0BF1|0|00|0|00000001||
0BF2|0|00|0|00000001||
0BF3|0|00|0|00000001||
0BF4|2|00|0|00000001||
0BF5|2|00|0|00000001||
0BF6|2|00|0|00000001||
0BF7|0|00|0|00000001||
0BF8|0|00|0|00000001||
0BF9|0|00|0|00000001||
0BFA|0|00|0|00000001||
0BFB|0|00|0|00000001||
0BFC|0|00|0|00000001||
0BFD|2|44|1|00000001||
0BFE|3|00|0|00000001||
0BFF|2|00|0|00000001||
0C00|0|00|0|00000001||
0C01|0|00|0|00000001||
0C02|0|00|0|00000001||
0C03|0|00|0|00000001||
0C04|0|00|0|00000001||
0C05|0|00|0|00000001||
0C06|0|00|0|00000001||
0C07|0|00|0|00000001||
0C08|0|00|0|00000001||
0C09|0|00|0|00000001||
0C0A|0|00|0|00000001||
0C0B|0|00|0|00000001||
0C0C|0|00|0|00000001||
0C0D|0|00|0|00000001||
0C0E|0|00|0|00000001||
0C0F|0|00|0|00000001||
0C10|0|00|0|00000001||
0C11|2|00|0|00000001|HaveTricky|maybe wrong
0C12|0|00|0|00000001||
0C13|3|00|0|FFFFFFFF||
0C14|2|00|0|00000001||
0C15|2|00|0|00000001||
0C16|2|00|0|00000001||
0C17|2|00|0|00000001||
0C18|2|00|0|00000001||
0C19|2|00|0|00000001||
0C1A|2|00|0|00000001||
0C1B|2|00|0|00000001||
0C1C|2|00|0|00000001||
0C1D|2|00|0|00000001||
0C1E|3|00|0|00000001||
0C1F|3|00|0|00000001||
0C20|3|00|0|00000001||
0C21|3|00|0|00000001||
0C22|2|00|0|00000001||
0C23|2|00|0|00000001||
0C24|0|00|0|00000001||
0C25|2|00|0|00000001||
0C26|2|00|0|00000001||
0C27|2|00|0|00000001||
0C28|2|00|0|00000001||
0C29|2|00|0|00000001||
0C2A|2|00|0|00000001||
0C2B|2|00|0|00000001||
0C2C|2|00|0|00000001||
0C2D|2|00|0|00000001||
0C2E|2|00|0|00000001||
0C2F|0|00|0|00000001||
0C30|0|00|0|00000001|PlayerIsDisguised|
0C31|2|00|0|00000001||
0C32|2|00|0|00000001||
0C33|2|00|0|00000001||
0C34|2|00|0|00000001||
0C35|2|00|0|00000001||
0C36|2|00|0|00000001||
0C37|2|00|0|00000001||
0C38|2|00|0|00000001||
0C39|2|00|0|00000001||
0C3A|2|00|0|00000001||
0C3B|2|00|0|00000001||
0C3C|2|00|0|00000001||
0C3D|2|00|0|00000001||
0C3E|2|00|0|00000001||
0C3F|2|00|0|00000001||
0C40|2|00|0|00000001||
0C41|0|00|0|00000001||
0C42|2|00|0|00000001||
0C43|0|00|0|00000001||
0C44|2|00|0|00000001||
0C45|0|00|0|00000001||
0C46|2|00|0|00000001||
0C47|3|00|0|00000001||
0C48|2|00|0|00000001||
0C49|2|00|0|00000001||
0C4A|2|00|0|00000001||
0C4B|2|00|0|00000001||
0C4C|2|00|0|00000001||
0C4D|2|00|0|00000001||
0C4E|2|00|0|00000001||
0C4F|0|00|0|00000001||
0C50|2|00|0|00000001||
0C51|2|00|0|00000001||
0C52|2|00|0|00000001||
0C53|2|00|0|00000001||
0C54|2|00|0|00000001||
0C55|2|78|1|00000001|HaveSuperQuake|
0C56|2|00|0|00000001||
0C57|3|00|0|00000001||
0C58|2|00|0|00000001||
0C59|2|00|0|00000001||
0C5A|2|00|0|00000001||
0C5B|2|00|0|00000001||
0C5C|0|00|0|00000001||
0C5D|0|00|0|00000001||
0C5E|0|00|0|00000001||
0C5F|0|00|0|00000001||
0C60|0|00|0|00000001||
0C61|2|00|0|00000001||
0C62|0|00|0|00000001||
0C63|2|00|0|00000001||
0C64|2|A5|1|00000001|HaveViewfinder|aka High-Defnition Display Device or Zoom Goggles
0C65|2|00|0|00000001||
0C66|2|00|0|00000001||
0C67|0|00|0|00000001||
0C68|2|00|0|00000001||
0C69|0|00|0|00000001||
0C6A|2|00|0|00000001||
0C6B|2|00|0|00000001||
0C6C|0|00|0|00000001||
0C6D|0|00|0|00000001||
0C6E|2|88|1|00000001||
0C6F|0|00|0|00000001||
0C70|2|8A|1|00000001||
0C71|2|00|0|00000001||
0C72|0|00|0|00000001||
0C73|0|00|0|00000001||
0C74|3|00|0|00000001||
0C75|2|00|0|00000001||
0C76|2|00|0|00000001||
0C77|1|00|0|00000001||
0C78|1|00|0|00000001||
0C79|0|00|0|00000001||
0C7A|2|00|0|00000001||
0C7B|2|00|0|00000001||
0C7C|2|00|0|00000001|BoughtRockCandy|
0C7D|2|0E|1|00000001||
0C7E|2|00|0|00000001||
0C7F|2|00|0|00000001||
0C80|2|00|0|00000001||
0C81|2|00|0|00000001||
0C82|2|00|0|00000001||
0C83|1|00|0|00000001||
0C84|3|00|0|FFFFFFFF||
0C85|2|AD|1|00000001||
0C86|1|00|0|00000001||
0C87|1|00|0|00000001||
0C88|2|00|0|00000001||
0C89|2|00|0|00000001||
0C8A|2|00|0|00000001||
0C8B|2|00|0|00000001|LinkETunnelOpen|broke open wind tunnel in LinkE
0C8C|2|00|0|00000001||
0C8D|2|00|0|00000001|HavePDA|
0C8E|2|00|0|00000001||
0C8F|2|00|0|00000001||
0C90|2|00|0|00000001||
0C91|2|00|0|00000001||
0C92|2|AE|1|00000001||
0C93|2|00|0|00000001||
0C94|2|00|0|00000001||
0C95|2|00|0|00000001||
0C96|2|00|0|00000001||
0C97|2|00|0|00000001||
0C98|2|00|0|00000001||
0C99|2|00|0|00000001||
0C9A|2|00|0|00000001||
0C9B|2|00|0|00000001||
0C9C|2|00|0|00000001||
0C9D|2|00|0|00000001||
0C9E|2|00|0|00000001||
0C9F|2|00|0|00000001||
0CA0|0|00|0|00000001||
0CA1|0|00|0|00000001||
0CA2|0|00|0|00000001||
0CA3|2|00|0|00000001||
0CA4|2|00|0|00000001||
0CA5|2|00|0|00000001||
0CA6|2|00|0|00000001||
0CA7|0|00|0|00000001||
0CA8|2|00|0|00000001||
0CA9|2|00|0|00000001||
0CAA|2|00|0|00000001||
0CAB|2|00|0|00000001||
0CAC|2|00|0|00000001||
0CAD|1|00|0|00000001||
0CAE|0|00|0|00000001||
0CAF|0|00|0|00000001||
0CB0|0|00|0|00000001||
0CB1|2|00|0|00000001||
0CB2|2|00|0|00000001||
0CB3|2|00|0|00000001||
0CB4|2|00|0|00000001||
0CB5|2|B0|1|00000001||
0CB6|2|00|0|00000001||
0CB7|2|B3|1|00000001||
0CB8|2|00|0|00000001||
0CB9|2|00|0|00000001||
0CBA|0|00|0|00000001||
0CBB|3|00|0|00000001||
0CBC|2|00|0|00000001||
0CBD|0|00|0|00000001||
0CBE|2|00|0|00000001||
0CBF|0|01|1|00000001||
0CC0|2|00|0|00000001||
0CC1|2|00|0|00000001||
0CC2|1|00|0|0000000F||
0CC3|2|00|0|00000001||
0CC4|0|00|0|00000001||
0CC5|0|00|0|00000001||
0CC6|2|00|0|00000001||
0CC7|2|00|0|00000001||
0CC8|2|00|0|00000001||
0CC9|2|00|0|00000001||
0CCA|2|00|0|00000001||
0CCB|2|00|0|00000001||
0CCC|0|00|0|00000001||
0CCD|3|00|0|00000001||
0CCE|3|00|0|00000001||
0CCF|3|00|0|00000001||
0CD0|3|00|0|00000001||
0CD1|3|00|0|00000001||
0CD2|0|00|0|00000001||
0CD3|2|00|0|00000001||
0CD4|2|00|0|00000001||
0CD5|2|00|0|00000001||
0CD6|2|00|0|00000001||
0CD7|0|00|0|00000001||
0CD8|2|00|0|00000001||
0CD9|2|00|0|00000001||
0CDA|0|00|0|00000001||
0CDB|2|00|0|00000001||
0CDC|2|00|0|00000001||
0CDD|2|00|0|00000001||
0CDE|2|00|0|00000001||
0CDF|2|00|0|00000001||
0CE0|2|00|0|00000001||
0CE1|2|21|1|00000001||
0CE2|2|00|0|00000001||
0CE3|2|00|0|00000001||
0CE4|2|00|0|00000001||
0CE5|2|00|0|00000001||
0CE6|2|00|0|00000001||
0CE7|2|00|0|00000001||
0CE8|2|00|0|00000001||
0CE9|2|00|0|00000001||
0CEA|2|00|0|00000001||
0CEB|2|00|0|00000001||
0CEC|2|00|0|00000001||
0CED|2|00|0|00000001||
0CEE|0|00|0|00000001||
0CEF|0|00|0|00000001||
0CF0|0|00|0|00000001||
0CF1|0|00|0|00000001||
0CF2|0|00|0|00000001||
0CF3|0|00|0|00000001||
0CF4|2|00|0|00000001||
0CF5|2|00|0|00000001||
0CF6|2|00|0|00000001||
0CF7|2|00|0|00000001||
0CF8|2|00|0|00000001||
0CF9|2|00|0|00000001||
0CFA|2|00|0|00000001||
0CFB|2|00|0|00000001||
0CFC|2|00|0|00000001||
0CFD|2|00|0|00000001||
0CFE|2|00|0|00000001||
0CFF|2|00|0|00000001||
0D00|3|00|0|00000001|TrickyRelated0D00|
0D01|2|00|0|00000001||
0D02|2|00|0|00000001||
0D03|2|00|0|00000001||
0D04|2|00|0|00000001||
0D05|2|00|0|00000001||
0D06|2|1B|1|00000001||
0D07|2|00|0|00000001||
0D08|2|00|0|00000001||
0D09|2|00|0|00000001||
0D0A|2|00|0|00000001||
0D0B|2|00|0|00000001||
0D0C|2|00|0|00000001||
0D0D|2|00|0|00000001||
0D0E|2|00|0|00000001||
0D0F|2|00|0|00000001||
0D10|2|00|0|00000001||
0D11|2|00|0|00000001||
0D12|2|00|0|00000001||
0D13|2|00|0|00000001||
0D14|2|00|0|00000001||
0D15|2|00|0|00000001||
0D16|2|00|0|00000001||
0D17|2|00|0|00000001||
0D18|2|00|0|00000001||
0D19|1|00|0|00000001||
0D1A|2|00|0|00000001||
0D1B|1|00|0|00000001||
0D1C|1|00|0|00000001||
0D1D|1|00|0|00000001||
0D1E|1|00|0|00000001||
0D1F|1|00|0|00000001||
0D20|2|1F|1|00000001||
0D21|0|00|0|00000001||
0D22|2|00|0|00000001||
0D23|2|00|0|00000001||
0D24|2|00|0|00000001||
0D25|2|00|0|00000001||
0D26|2|00|0|00000001||
0D27|1|00|0|00000001||
0D28|2|00|0|00000001||
0D29|2|00|0|00000001||
0D2A|2|00|0|00000001||
0D2B|2|00|0|00000001||
0D2C|2|00|0|00000001||
0D2D|2|00|0|00000001||
0D2E|2|00|0|00000001||
0D2F|2|00|0|00000001||
0D30|0|00|0|00000001||
0D31|0|00|0|00000001||
0D32|2|00|0|00000001||
0D33|2|00|0|00000001||
0D34|0|00|0|00000001||
0D35|3|00|0|00000001||
0D36|3|00|0|00000001||
0D37|1|AF|1|00000001||
0D38|3|00|0|FFFFFFFF||
0D39|2|00|0|00000001||
0D3A|1|00|0|00000001||
0D3B|1|00|0|00000001||
0D3C|1|00|0|00000001||
0D3D|1|00|0|00000001||
0D3E|2|00|0|00000001||
0D3F|0|00|0|00000001||
0D40|2|00|0|00000001||
0D41|1|00|0|00000001||
0D42|1|00|0|00000001||
0D43|1|00|0|00000001||
0D44|3|00|0|00000001||
0D45|2|00|0|00000001||
0D46|2|00|0|00000001||
0D47|2|00|0|00000001||
0D48|2|00|0|00000001||
0D49|0|00|0|00000001||
0D4A|2|00|0|00000001||
0D4B|0|00|0|00000001||
0D4C|2|00|0|00000001||
0D4D|2|00|0|00000001||
0D4E|0|00|0|00000001||
0D4F|0|00|0|00000001||
0D50|0|00|0|00000001||
0D51|0|00|0|00000001||
0D52|2|00|0|00000001||
0D53|1|00|0|00000001||
0D54|2|00|0|00000001||
0D55|2|00|0|00000001||
0D56|2|00|0|00000001||
0D57|2|00|0|00000001||
0D58|2|00|0|00000001||
0D59|2|00|0|00000001||
0D5A|2|00|0|00000001||
0D5B|2|00|0|00000001||
0D5C|2|00|0|00000001||
0D5D|2|00|0|00000001||
0D5E|2|00|0|00000001||
0D5F|3|00|0|00000001||
0D60|3|00|0|00000001||
0D61|0|00|0|00000001||
0D62|0|00|0|00000001||
0D63|0|00|0|00000001||
0D64|0|00|0|00000001||
0D65|0|00|0|00000001||
0D66|0|00|0|00000001||
0D67|2|5F|1|00000001||
0D68|2|00|0|00000001||
0D69|2|3B|1|00000001||
0D6A|2|00|0|00000001||
0D6B|3|00|0|00000001||
0D6C|2|60|1|00000001||
0D6D|2|00|0|00000001||
0D6E|2|00|0|00000001||
0D6F|2|00|0|00000001||
0D70|2|00|0|00000001||
0D71|3|00|0|00000001||
0D72|1|00|0|00000001||
0D73|2|00|0|00000001||
0D74|0|00|0|00000001||
0D75|3|00|0|FFFFFFFF||
0D76|0|00|0|00000001||
0D77|0|00|0|00000001||
0D78|0|00|0|00000001||
0D79|0|00|0|00000001||
0D7A|0|00|0|00000001||
0D7B|0|00|0|00000001||
0D7C|0|00|0|00000001||
0D7D|2|00|0|00000001||
0D7E|2|00|0|00000001||
0D7F|2|00|0|00000001||
0D80|2|00|0|00000001||
0D81|2|00|0|00000001||
0D82|2|00|0|00000001||
0D83|2|16|1|00000001||
0D84|1|00|0|00000001||
0D85|1|00|0|00000001||
0D86|1|00|0|00000001||
0D87|1|00|0|00000001||
0D88|1|00|0|00000001||
0D89|1|00|0|00000001||
0D8A|1|00|0|00000001||
0D8B|1|00|0|00000001||
0D8C|2|00|0|00000001||
0D8D|2|00|0|00000001||
0D8E|2|00|0|00000001||
0D8F|3|00|0|00000001||
0D90|2|00|0|00000001||
0D91|2|00|0|00000001||
0D92|2|00|0|00000001||
0D93|2|00|0|00000001||
0D94|2|00|0|00000001||
0D95|2|00|0|00000001||
0D96|2|00|0|00000001||
0D97|2|00|0|00000001|ShowFuelCellCounter|on HUD
0D98|2|00|0|00000001||
0D99|2|00|0|00000001||
0D9A|0|00|0|00000001||
0D9B|2|00|0|00000001||
0D9C|2|00|0|00000001||
0D9D|2|00|0|00000001||
0D9E|2|00|0|00000001||
0D9F|2|00|0|00000001||
0DA0|2|00|0|00000001||
0DA1|2|00|0|00000001||
0DA2|2|00|0|00000001||
0DA3|2|00|0|00000001||
0DA4|2|00|0|00000001||
0DA5|2|00|0|00000001||
0DA6|1|00|0|00000001||
0DA7|2|00|0|00000001||
0DA8|2|00|0|00000001||
0DA9|1|00|0|00000001||
0DAA|2|00|0|00000001||
0DAB|3|00|0|00000001||
0DAC|0|00|0|00000001||
0DAD|0|00|0|00000001||
0DAE|0|00|0|00000001||
0DAF|0|00|0|00000001||
0DB0|0|00|0|00000001||
0DB1|0|00|0|00000001||
0DB2|0|00|0|00000001||
0DB3|0|00|0|00000001||
0DB4|0|00|0|00000001||
0DB5|2|00|0|00000001||
0DB6|2|00|0|00000001||
0DB7|2|00|0|00000001||
0DB8|3|00|0|00000001||
0DB9|0|00|0|00000001||
0DBA|3|00|0|00000001||
0DBB|2|00|0|00000001||
0DBC|2|00|0|00000001||
0DBD|2|00|0|00000001||
0DBE|2|00|0|00000001||
0DBF|2|38|1|00000001||
0DC0|2|00|0|00000001||
0DC1|2|00|0|00000001||
0DC2|2|00|0|00000001||
0DC3|3|00|0|00000001||
0DC4|2|00|0|00000001||
0DC5|2|00|0|00000001||
0DC6|2|00|0|00000001||
0DC7|2|00|0|00000001||
0DC8|2|00|0|00000001||
0DC9|2|00|0|00000001||
0DCA|0|00|0|00000001||
0DCB|0|00|0|00000001||
0DCC|2|00|0|00000001||
0DCD|2|00|0|00000001||
0DCE|3|00|0|00000001||
0DCF|3|00|0|00000001||
0DD0|2|00|0|00000001||
0DD1|3|00|0|FFFFFFFF||
0DD2|0|00|0|00000001||
0DD3|0|00|0|00000001||
0DD4|1|00|0|00000001||
0DD5|1|00|0|00000001||
0DD6|1|00|0|00000001||
0DD7|2|00|0|00000001||
0DD8|2|00|0|00000001||
0DD9|2|00|0|00000001||
0DDA|2|00|0|00000001||
0DDB|0|00|0|0000000F||
0DDC|2|00|0|00000001|CheatToken0|XXX what exactly are these? collected?
0DDD|2|00|0|00000001|CheatToken3|
0DDE|2|00|0|00000001|CheatToken2|
0DDF|2|00|0|00000001|CheatToken6|
0DE0|2|00|0|00000001|CheatToken4|
0DE1|2|00|0|00000001|CheatToken7|
0DE2|2|00|0|00000001|CheatToken1|
0DE3|2|00|0|00000001|CheatToken5|
0DE4|2|00|0|00000001|CheatToken8|
0DE5|2|00|0|00000001|HaveCheat0_Credits|Display Credits
0DE6|2|00|0|00000001|HaveCheat3_Dino|Dino Language
0DE7|2|00|0|00000001|HaveCheat2_MusicTest|Music Test
0DE8|2|00|0|00000001|HaveCheat6|
0DE9|2|00|0|00000001|HaveCheat4|
0DEA|2|00|0|00000001|HaveCheat7|
0DEB|2|00|0|00000001|HaveCheat1_Sepia|Sepia Mode
0DEC|2|00|0|00000001|HaveCheat5|
0DED|2|00|0|00000001|HaveCheat8|
0DEE|2|00|0|00000001||
0DEF|2|00|0|00000001||
0DF0|2|00|0|00000001||
0DF1|2|00|0|00000001||
0DF2|2|00|0|00000001||
0DF3|2|00|0|00000001||
0DF4|2|00|0|00000001||
0DF5|2|00|0|00000001||
0DF6|0|00|0|00000001||
0DF7|0|00|0|00000001||
0DF8|2|00|0|00000001||
0DF9|2|00|0|00000001||
0DFA|2|00|0|00000001||
0DFB|2|00|0|00000001||
0DFC|2|00|0|00000001||
0DFD|2|00|0|00000001||
0DFE|2|00|0|00000001||
0DFF|2|00|0|00000001||
0E00|2|00|0|00000001||
0E01|2|00|0|00000001||
0E02|2|00|0|00000001||
0E03|2|00|0|00000001||
0E04|2|00|0|00000001||
0E05|2|00|0|00000001||
0E06|2|00|0|00000001||
0E07|2|00|0|00000001||
0E08|2|00|0|00000001||
0E09|2|00|0|00000001||
0E0A|2|00|0|00000001||
0E0B|0|00|0|00000001||
0E0C|0|00|0|00000001||
0E0D|2|00|0|00000001||
0E0E|0|00|0|00000001||
0E0F|2|00|0|00000001||
0E10|0|00|0|00000001||
0E11|2|00|0|00000001||
0E12|1|00|0|00000001||
0E13|2|00|0|00000001||
0E14|2|00|0|00000001||
0E15|2|00|0|00000001||
0E16|2|00|0|00000001||
0E17|2|00|0|00000001||
0E18|2|00|0|00000001||
0E19|2|00|0|00000001||
0E1A|2|00|0|00000001||
0E1B|2|00|0|00000001||
0E1C|2|00|0|00000001||
0E1D|3|00|0|00000001||
0E1E|3|00|0|00000001||
0E1F|2|00|0|00000001||
0E20|0|00|0|00000001||
0E21|2|00|0|00000001||
0E22|2|00|0|00000001||
0E23|3|00|0|00000001||
0E24|3|00|0|00000001||
0E25|2|7F|1|00000001||
0E26|3|00|0|00000001||
0E27|2|90|1|00000001||
0E28|2|00|0|00000001||
0E29|2|00|0|00000001||
0E2A|2|00|0|00000001||
0E2B|0|00|0|00000001||
0E2C|3|00|0|00000001||
0E2D|2|00|0|00000001||
0E2E|2|00|0|00000001||
0E2F|2|00|0|00000001||
0E30|2|00|0|00000001||
0E31|2|00|0|00000001||
0E32|2|00|0|00000001||
0E33|2|00|0|00000001||
0E34|2|00|0|00000001||
0E35|2|00|0|00000001||
0E36|2|00|0|00000001||
0E37|0|00|0|00000001||
0E38|2|00|0|00000001||
0E39|2|00|0|00000001||
0E3A|0|00|0|00000001||
0E3B|2|00|0|00000001||
0E3C|2|00|0|00000001||
0E3D|2|00|0|00000001||
0E3E|2|00|0|00000001||
0E3F|2|92|1|00000001||
0E40|2|00|0|00000001||
0E41|2|00|0|00000001||
0E42|2|00|0|00000001||
0E43|0|00|0|00000001||
0E44|0|00|0|00000001||
0E45|0|00|0|00000001||
0E46|1|00|0|00000001||
0E47|1|00|0|00000001||
0E48|1|00|0|00000001||
0E49|0|00|0|00000001||
0E4A|2|00|0|00000001||
0E4B|1|00|0|00000001||
0E4C|1|00|0|00000003||
0E4D|1|00|0|00000007||
0E4E|2|00|0|00000001||
0E4F|2|00|0|00000001||
0E50|2|00|0|00000001||
0E51|0|00|0|00000001||
0E52|2|00|0|00000001||
0E53|0|00|0|00000001||
0E54|1|00|0|00000001||
0E55|1|00|0|00000001||
0E56|2|00|0|00000001||
0E57|2|00|0|00000001||
0E58|2|00|0|00000001||
0E59|0|00|0|00000001||
0E5A|1|00|0|00000001||
0E5B|2|1E|1|00000001||
0E5C|0|00|0|00000001||
0E5D|2|00|0|00000001||
0E5E|2|00|0|00000001||
0E5F|2|00|0|00000001||
0E60|2|00|0|00000001||
0E61|2|00|0|00000001||
0E62|2|00|0|00000001||
0E63|2|00|0|00000001||
0E64|2|00|0|00000001||
0E65|2|00|0|00000001||
0E66|2|00|0|00000001||
0E67|2|00|0|00000001||
0E68|2|00|0|00000001||
0E69|2|00|0|00000001||
0E6A|2|00|0|00000001||
0E6B|2|00|0|00000001||
0E6C|2|00|0|00000001||
0E6D|1|00|0|00000001||
0E6E|2|00|0|00000001||
0E6F|0|45|1|00000001||
0E70|0|43|1|00000001||
0E71|1|00|0|00000001||
0E72|2|00|0|00000001||
0E73|1|00|0|00000001||
0E74|0|00|0|00000001||
0E75|0|00|0|00000001||
0E76|0|00|0|00000001||
0E77|0|00|0|00000001||
0E78|2|00|0|00000001||
0E79|2|00|0|00000001||
0E7A|0|00|0|00000001||
0E7B|2|00|0|00000001||
0E7C|2|00|0|00000001||
0E7D|2|00|0|00000001||
0E7E|0|00|0|00000001||
0E7F|3|00|0|00000001||
0E80|2|00|0|00000001||
0E81|2|00|0|00000001||
0E82|0|00|0|00000001||
0E83|0|00|0|00000001||
0E84|0|00|0|00000001||
0E85|0|00|0|00000001||
0E86|0|00|0|00000001||
0E87|2|00|0|00000001||
0E88|2|00|0|00000001||
0E89|1|00|0|00000001||
0E8A|0|00|0|00000001||
0E8B|3|00|0|0000000F||
0E8C|0|00|0|00000001||
0E8D|0|00|0|00000001||
0E8E|0|00|0|00000001||
0E8F|2|00|0|00000001||
0E90|3|00|0|00000001||
0E91|2|00|0|00000001||
0E92|0|00|0|00000001||
0E93|2|00|0|00000001||
0E94|0|00|0|00000001||
0E95|1|00|0|00000001||
0E96|0|00|0|00000001||
0E97|0|00|0|00000001||
0E98|2|00|0|00000001||
0E99|2|00|0|00000001||
0E9A|2|00|0|00000001||
0E9B|2|00|0|00000001||
0E9C|2|91|1|00000001||
0E9D|2|00|0|00000001||
0E9E|2|00|0|00000001||
0E9F|2|00|0|00000001||
0EA0|2|00|0|00000001||
0EA1|0|A9|1|00000001||
0EA2|0|B1|1|00000001||
0EA3|0|00|0|00000001||
0EA4|0|00|0|00000001||
0EA5|2|00|0|00000001||
0EA6|0|00|0|00000001||
0EA7|2|00|0|00000001||
0EA8|2|00|0|00000001||
0EA9|2|00|0|00000001||
0EAA|0|00|0|00000001||
0EAB|0|00|0|00000001||
0EAC|0|00|0|00000001||
0EAD|2|00|0|00000001||
0EAE|2|00|0|00000001||
0EAF|2|00|0|00000001||
0EB0|2|00|0|00000001|BoughtBadGuyAlert|unused shop item
0EB1|2|00|0|00000001|HaveMagic|
0EB2|2|00|0|00000001|HaveBafomdadHolder|
0EB3|2|00|0|00000001||
0EB4|2|00|0|00000001||
0EB5|2|00|0|00000001||
0EB6|2|00|0|00000001||
0EB7|2|00|0|00000001||
0EB8|2|00|0|00000001||
0EB9|2|00|0|00000001||
0EBA|2|00|0|00000001||
0EBB|2|00|0|00000001||
0EBC|2|00|0|00000001||
0EBD|2|00|0|00000001||
0EBE|2|00|0|00000001||
0EBF|2|00|0|00000001||
0EC0|2|00|0|00000001||
0EC1|2|00|0|00000001||
0EC2|2|00|0|00000001||
0EC3|2|00|0|00000001||
0EC4|1|00|0|00000001||
0EC5|1|00|0|00000001||
0EC6|1|00|0|00000001||
0EC7|1|00|0|00000001||
0EC8|1|00|0|00000001||
0EC9|1|00|0|00000001||
0ECA|2|00|0|00000001||
0ECB|2|00|0|00000001||
0ECC|0|15|1|00000001||
0ECD|0|00|0|00000001||
0ECE|0|39|1|00000001||
0ECF|0|3C|1|00000001||
0ED0|0|61|1|00000001||
0ED1|0|00|0|00000001||
0ED2|0|00|0|00000001||
0ED3|0|00|0|00000001||
0ED4|0|00|0|00000001||
0ED5|0|00|0|00000001||
0ED6|0|00|0|00000001||
0ED7|0|00|0|00000001||
0ED8|0|00|0|00000001||
0ED9|0|00|0|00000001||
0EDA|0|00|0|00000001||
0EDB|3|00|0|00000001||
0EDC|0|00|0|00000001||
0EDD|0|00|0|00000001||
0EDE|2|00|0|00000001||
0EDF|0|00|0|00000001||
0EE0|2|00|0|00000001||
0EE1|2|00|0|00000001||
0EE2|2|00|0|00000001||
0EE3|2|00|0|00000001||
0EE4|2|00|0|00000001||
0EE5|2|00|0|00000001||
0EE6|2|00|0|00000001||
0EE7|2|00|0|00000001||
0EE8|1|00|0|00000001||
0EE9|2|00|0|00000001||
0EEA|0|00|0|00000001||
0EEB|0|00|0|00000001||
0EEC|1|00|0|00000001||
0EED|1|00|0|00000001||
0EEE|2|00|0|00000001||
0EEF|2|00|0|00000001||
0EF0|1|00|0|00000001||
0EF1|1|00|0|00000001||
0EF2|2|00|0|00000001||
0EF3|0|00|0|00000001||
0EF4|2|00|0|00000001||
0EF5|2|00|0|00000001||
0EF6|0|00|0|00000001||
0EF7|2|00|0|00000001||
0EF8|0|00|0|00000001||
0EF9|1|00|0|00000001||
0EFA|0|00|0|00000001||
0EFB|0|00|0|00000001|WarpRelated0EFB|related to warp pads
0EFC|0|00|0|00000001||
0EFD|0|00|0|00000001||
0EFE|0|00|0|00000001|ShopRelated0EFE|related to shopkeeper
0EFF|2|00|0|00000001||
0F00|2|00|0|00000001||
0F01|0|00|0|00000001||
0F02|2|00|0|00000001||
0F03|2|00|0|00000001||
0F04|3|00|0|00000001||
0F05|0|00|0|00000001||
0F06|2|00|0|00000001||
0F07|0|6B|1|00000001||
0F08|0|87|1|00000001||
0F09|0|00|0|00000001||
0F0A|0|00|0|00000001||
0F0B|3|00|0|00000001||
0F0C|2|00|0|00000001||
0F0D|2|00|0|00000001||
0F0E|3|00|0|00000001||
0F0F|0|00|0|00000001||
0F10|2|00|0|00000001|MapBits|
0F11|2|00|0|00000001||
0F12|2|00|0|00000001||
0F13|2|00|0|00000001||
0F14|2|00|0|00000001||
0F15|2|00|0|00000001||
0F16|2|00|0|00000001||
0F17|2|00|0|00000001||
0F18|2|00|0|00000001||
0F19|2|00|0|00000001||
0F1A|2|00|0|00000001||
0F1B|2|00|0|00000001||
0F1C|2|00|0|00000001||
0F1D|0|00|0|00000001||
0F1E|0|00|0|00000001||
0F1F|2|00|0|00000001||
0F20|0|00|0|00000001||
0F21|2|00|0|00000001||
0F22|2|00|0|00000001||
0F23|2|00|0|00000001||
0F24|2|00|0|00000001||
0F25|2|00|0|00000001||
0F26|2|00|0|00000001||
0F27|2|00|0|00000001||
0F28|2|00|0|00000001||
0F29|0|00|0|00000001||
0F2A|0|00|0|00000001||
0F2B|0|00|0|00000001||
0F2C|2|00|0|00000001||
0F2D|2|00|0|00000001||
0F2E|2|00|0|00000001||
0F2F|2|00|0|00000001||
0F30|2|00|0|00000001||
0F31|2|00|0|00000001||
0F32|2|00|0|00000001||
0F33|3|00|0|00000001||
0F34|2|00|0|00000001|Cheat0|Enabled? cheat 0 (Display Credits)
0F35|2|00|0|00000001|Cheat3|Enabled? cheat 3 (Dino Language)
0F36|2|00|0|00000001|Cheat2|Enabled? cheat 2 (Music Test)
0F37|2|00|0|00000001|Cheat6|Enabled? cheat 6
0F38|2|00|0|00000001|Cheat4|Enabled? cheat 4
0F39|2|00|0|00000001|Cheat7|Enabled? cheat 7
0F3A|2|00|0|00000001|Cheat1|Enabled? cheat 1 (Sepia Mode)
0F3B|2|00|0|00000001|Cheat5|Enabled? cheat 5
0F3C|0|00|0|00000001||should be Enabled? cheat 8, but that doesn't exist?
0F3D|0|00|0|00000001||
0F3E|2|00|0|00000001||
0F3F|2|00|0|00000001||
0F40|2|00|0|00000001||
0F41|2|00|0|00000001||
0F42|0|00|0|00000001||
0F43|2|00|0|00000001||
0F44|2|00|0|00000001||
0F45|2|00|0|00000001||
0F46|2|00|0|00000001||
0F47|2|00|0|00000001||
0F48|2|00|0|00000001||
0F49|2|00|0|00000001||
0F4A|2|00|0|00000001||
0F4B|0|00|0|00000001||
0F4C|0|00|0|00000001||
0F4D|0|00|0|00000001||
0F4E|0|00|0|00000001||
0F4F|0|00|0|00000001||
0F50|0|00|0|00000001||
0F51|0|00|0|00000001||
0F52|0|00|0|00000001||
0F53|0|00|0|00000001||
0F54|0|00|0|00000001||
0F55|0|00|0|00000001||
0F56|0|00|0|00000001||
0F57|0|00|0|00000001||
