next
  00000000     18652
flags
  00000000     18652
xOffset
  00000000     18652
width
  00000008       215
  00000020      6880
  00000040      2768
  00000080      1079
  00000010      5829
  00000004       221
  00000100       671
  000000B6         5
  00000200        96
  000000F8        19
  000000C0        62
  00000025        19
  00000001       115
  0000000C        62
  0000000A        26
  00000022        45
  0000001A        29
  0000001C        43
  00000014        53
  0000001E        26
  00000016        26
  00000034        38
  0000003A        40
  00000038        19
  00000018        26
  00000015        19
  00000030        38
  00000033        27
  00000039        27
  0000002F         7
  00000058         6
  00000046        26
  00000133         2
  00000096        11
  000000A0         6
  000000C4         2
  00000019         1
  00000172         2
  0000005A         1
  00000118         4
  00000032         3
  0000002C        10
  00000027        10
  00000140         3
  00000150         1
  0000010B         1
  000000E6         2
  00000120         1
  00000092         1
  0000015E         2
  0000014C         1
  00000064         1
  000000D6         1
  0000007F         1
  00000061         1
  00000180         2
  0000002A         1
  00000026         3
  00000012         2
  0000000D         2
  00000024         3
  00000002         2
  0000000E         1
  00000005         2
  00000031         1
  00000060         3
height
  00000008       204
  00000020      7998
  00000040      2483
  00000080      1213
  00000010      4433
  00000030       578
  00000100       687
  000001F2         5
  00000004       110
  00000200        82
  0000000B        62
  00000017        19
  0000001A        83
  00000016       125
  0000001C       104
  0000001E        84
  0000003A        57
  0000004C        39
  00000036        19
  0000003E        19
  00000018        50
  0000002A        21
  00000001        21
  00000028        27
  0000002F         7
  00000044        24
  00000096        12
  000000BF         1
  00000048         1
  0000003D         1
  00000014         1
  0000000E         2
  0000002C        11
  00000035         1
  00000024        10
  000000F1         1
  000000C0         2
  00000060         5
  0000007F         3
  000000F0         3
  0000012C         1
  0000005C         2
  00000064         1
  00000140         3
  0000008A         2
  00000112         1
  000000C2         2
  00000102         1
  00000141         1
  00000144         1
  00000180         2
  0000004A         1
  00000034         2
  0000001D         1
  0000000A         2
  00000012        13
  00000013         2
  0000000C         1
  00000002         2
  00000026         1
  00000005         2
usage
  00000001     18652
frameVal10
  00000100      8217
  00000400       182
  00000000      9313
  00001000        34
  00000A00       107
  00000F00       267
  00000500       136
  00001C00        45
  00000E00        37
  00000800        92
  00000600        70
  00000300        60
  00000200        72
  00000700        19
  00001100         1
unk12
  00000000     18652
framesPerTick
  00000000     18640
  00000004        10
  00000022         2
format
  00000004       113
  00000005     10718
  00000003      1701
  00000000        46
  00000006      1096
  00000001        79
  0000000E      4872
  00000002        27
wrapS
  00000000     12660
  00000001      5980
  00000002        12
wrapT
  00000000     12915
  00000001      5731
  00000002         6
minFilter
  00000005      5192
  00000001     13460
magFilter
  00000001     18652
_padding1B
  00000000     18652
minLod
  00000000     18650
  00000001         2
maxLod
  00000001       205
  00000000     13460
  00000004      1316
  00000006       505
  00000005       949
  00000002       356
  00000003      1809
  00000007        52
unk1E
  00000000     18614
  000000FF        38
unk1F
  00000000     18652
TexObj_mode0
  00000000     18652
TexObj_mode1
  00000000     18652
TexObj_image0
  00000000     18652
TexObj_image3
  00000000     18652
TexObj_userData
  00000000     18652
TexObj_format
  00000000     18652
TexObj_tlutName
  00000000     18652
TexObj_loadCnt
  00000000     18652
TexObj_loadFmt
  00000000     18652
TexObj_flags
  00000000     18652
texRegion
  00000000     18652
bufSize
  00000000     18652
bNoTexRegionCallback
  00000000     18652
bDoNotFree
  00000000     18652
unk4A
  00000000     18652
unk4B
  00000000     18652
bufSize2
  00000000     18652
tevVal50
  00000000     17740
  00000600       535
  00000180        77
  00000200        99
  000008C0        38
  00000400        19
  00000620        19
  00000500        19
  00000480        46
  00008000         1
  0000C000         1
  00000080         6
  00000040         1
  000034E0         1
  00002F00         1
  00000F00         1
  00000460         1
  00001180         2
  00000020         9
  000002A0         2
  000000C0        10
  00000300         2
  00001EA0         1
  000003C0         4
  00000380         1
  00000120         3
  00000060         9
  00000280         2
  00000320         1
  00000540         1
_padding54
  00000000     18652
_padding58
  00000000     18652
_padding5C
  00000000     18652
Unique hashes: 2300
